Class	BaseQRankSum	ReadPosRankSum	DP	FS	MQ	MQRankSum	QD	SOR	QUAL	GQ
F	0.619	-0.921	12	0	58.59	0	2.6	0.169	20.77	58
F	1.265	0.418	37	2.022	60	0	3.26	0.811	97.73	99
F	0.095	0.584	12	0	60	0	5.31	0.693	63.73	63
F	-1.131	-4.749	164	0	60	0	0.28	0.709	44.73	82
F	-4.267	-0.323	57	6.546	60	0	8.42	0.134	479.73	99
F	-2.489	0.898	124	0.819	60	0	5.87	0.859	716.73	99
F	-0.515	-1.397	58	15.214	60	0	1.16	0.023	48.73	86
F	0.211	-2.082	2	0	60	0	31.89	1.609	37.7	6
F	0	0.524	6	0	60	0	5.79	0.693	34.73	72
F	-0.228	2.744	153	12.231	57.48	-5.142	10	0.426	1419.73	99
F	-1.678	-2.32	34	3.744	60	0	2.72	0.569	89.73	99
F	1.522	0.292	58	0	60	0	4.71	0.743	211.73	99
F	0.994	-1.365	161	1.261	59.9	0	0.96	0.435	113.73	99
F	0.934	1.015	6	0	60	0	28.75	3.912	232.8	18
F	-0.599	-2.522	103	0	60	0	0.39	0.58	24.75	62
F	2.64	0.331	152	2.731	60	0	0.19	1.247	28.74	66
F	-0.891	-0.188	103	4.763	60	0	1.19	2.13	90.73	99
F	-0.594	-4.501	95	40.08	58.54	-9.46	0.76	2.775	68.73	99
F	2.847	0.063	42	4.337	60	0	1.88	0.061	50.73	88
F	-1.383	-1.345	14	0	60	0	1.87	0.593	16.82	54
F	0.76	-1.525	50	0	60	0	1.48	0.571	48.73	86
F	2.062	0.98	83	1.358	59.8	0	1.36	1.179	82.73	99
F	-2.983	-0.965	58	0	60	0	0.95	0.293	46.73	84
F	-1.158	1.587	142	0	60	0.642	32.43	1.329	6379.73	99
F	-0.846	-2.142	145	6.521	60	0	0.5	0.209	55.73	93
F	2.102	-0.889	56	1.589	59.24	0.599	1.42	0.307	56.73	94
F	-0.03	0.81	241	0	59.87	-1.318	28.35	2.379	8165.73	99
F	-0.843	-0.208	47	0	60	0	2.61	0.693	75.73	99
F	0.948	-0.602	64	4.576	56.42	-4.123	23.47	0.117	1173.73	99
F	2.016	-3.016	65	5.05	60	0	7.52	0.105	315.73	99
F	0.031	-1.259	103	2.155	60	0	1.66	0.233	102.73	99
F	0.239	-0.634	209	0	59.92	0	2.37	0.684	398.73	99
F	-0.753	-1.22	87	0	59.98	0	0.2	0.828	12.01	49
F	0.631	0.406	19	0	60	0	1.2	0.105	16.82	54
F	-0.513	-4.511	80	3.641	58.27	-7.568	0.98	0.207	78.73	99
F	2.094	-0.868	67	1.633	60	0	0.34	0.351	17.8	55
F	2.632	-6.533	130	164.065	59.61	-2.894	11.87	7.522	1163.73	99
F	-0.328	-0.598	22	0	60	0	2.97	0.495	20.77	58
F	0.217	-1.914	199	3.987	60	0	0.15	1.394	24.75	62
F	1.137	-2.122	57	6.198	60	0	2.7	0.078	102.73	99
F	0.301	1.402	126	5.445	56.45	-9.327	4.65	1.292	534.73	99
F	-0.414	1.803	52	0	60	0	29.22	0.693	2291.73	99
F	-1.028	-5.062	76	0	60	0	1.21	0.862	79.73	99
F	0.131	0.189	24	0	60	0	2.75	0.283	46.73	84
F	1.185	-0.904	88	4.842	60	0	1	0.046	63.73	99
F	0.584	-0.512	62	3.42	57.99	-3.45	1	1.339	61.73	99
F	-0.049	-4.058	144	1.026	60	0	1.12	0.943	140.73	99
F	-1.306	0	64	8.913	59.21	0.696	0.52	0.033	22.75	60
F	-2.418	-1.973	41	0	59.95	-1.873	1.03	0.082	29.74	67
F	-0.443	-0.401	94	0	59.65	0	0.66	0.069	42.73	80
F	2.19	-0.432	57	0	60	0	0.88	0.336	24.75	62
F	1.752	-2.345	38	9.834	56.59	-5.771	0.88	3.246	30.73	68
F	0.833	-0.097	43	4.915	60	0	0.78	0.107	29.74	67
F	-0.854	-0.694	34	0	60	0	1.12	0.223	24.75	62
F	0.522	-5.886	197	0	60	0	2.23	0.703	325.73	99
F	1.159	-2.531	80	1.805	60	0	0.68	1.179	41.73	79
F	-0.659	-0.289	72	0	60	0	1.39	0.719	66.73	99
F	-0.456	-0.71	54	0	60	0	2.45	0.733	112.73	99
F	-0.439	-1.875	190	0	59.75	1.541	3.58	0.65	640.73	99
F	-2.177	-0.343	119	3.189	60	0	0.14	1.12	13.91	51
F	2.537	-0.165	19	0	60	0	1.07	0.223	13.91	51
F	-0.546	-4.291	115	0	59.85	0.523	1.74	0.609	179.73	99
F	-1.222	-2.978	34	0	60	0	5.06	0.404	136.73	99
F	-0.385	-1.15	8	0	60	0	4.62	0.991	27.74	65
F	0.377	-0.041	50	0	59.38	-1.671	27.55	2.256	2138.73	99
F	0.395	-2.286	103	1.941	60	0	3.65	1.123	229.73	99
F	-0.308	-5.134	72	2.534	60	0	3.89	1.179	264.73	99
F	0	-0.679	36	2.336	59.55	0.862	1.91	0.223	45.73	83
F	0.767	-2.091	123	1.37	60	0	1	1.084	101.73	99
F	2.025	-1.85	130	4.38	59.73	0	0.67	0.267	72.73	99
F	1.331	1.235	28	0	60	0	1.25	0.275	28.74	66
F	-1.127	-2.287	29	0	60	0	3.94	1.022	82.73	99
F	0.235	-0.217	79	0	60	0	2.24	0.61	120.73	99
F	-0.113	0.038	38	6.628	60	0	1.6	0.017	36.73	74
F	1.193	2.305	83	2.357	59.36	0.45	0.56	1.085	34.73	72
F	-1.315	-1.544	25	0	60	0	1.93	0.399	34.73	72
F	-0.195	-1.271	231	2.94	59.76	0	0.51	1.255	68.73	99
F	0.236	-0.772	118	2.214	59.92	-1.028	9.55	0.293	725.73	99
F	0.929	0.591	50	0	59.67	0	0.49	1.085	16.82	54
F	0.618	0.491	86	0	60	0	1.17	0.565	80.73	99
F	-0.306	-1.055	119	2.906	59.86	0	2.04	0.283	195.73	99
F	0.92	-0.222	45	0	60	0	1.85	0.804	62.73	99
F	-0.959	-0.949	31	0	59.46	-1.415	29.09	4.294	874.73	64
F	0.128	-1.573	101	0	59.89	0	3.63	0.495	239.73	99
F	0.031	-0.429	388	0	60	0	0.88	0.734	282.73	99
F	3.025	1.97	18	18.921	60	0	14.93	4.401	268.73	99
F	0.473	0.453	48	0	60	0	1.89	0.465	71.73	99
F	1.846	0	14	0	60	0	1.4	0.693	16.82	54
F	-3.526	0.114	67	1.334	57.11	-5.125	2.7	0.432	180.73	99
F	0.656	-2.364	50	0	60	0	0.99	0.47	37.73	75
F	-1.531	-0.504	111	8.277	60	0	1.6	0.162	169.73	99
F	1.943	1.983	37	3.78	59.15	1.843	22.38	0.235	626.73	99
T	-3.63	-1.383	214	0	60	0	14.62	0.724	3098.73	99
T	-0.223	0.524	56	0	60	0	17.14	0.787	959.73	99
T	1.189	-0.954	3	0	60	0	32.75	2.833	98.25	9
T	-1.904	-1.945	312	0	60	0	28.84	2.074	10430.7	99
T	0.983	0.08	63	6.734	60	0	15.99	0.069	719.73	99
T	-0.144	-0.074	49	0	46.96	0	28.01	0.922	1679.73	99
T	0.453	-4.007	99	0	60	0	32.99	0.693	4191.73	99
T	0.167	1.436	13	0	60	0	31.73	3.442	349	12
T	-1.545	-0.594	20	0	60	-4.211	28.81	5.784	489.73	51
T	-1.408	-2.359	153	9.857	60	0	18.04	0.55	2742.73	99
T	-0.901	0.344	85	6.069	60	0	10.48	1.639	733.73	99
T	-0.509	-1.245	32	0	60	0	30.14	0.892	1091.73	93
T	0.872	0.015	187	0	60	0	33.56	1.038	6763.73	99
T	0.168	1.372	27	0	60	0	15.35	0.791	337.73	99
T	2.732	2.721	36	0	60	0	3.77	0.821	101.73	99
T	1.189	0.379	27	0	60	0	6.73	0.904	154.73	99
T	0.598	-0.99	67	0	60	0	34	1.068	2141.73	99
T	0.416	1.087	109	8.018	60	0	16.72	1.432	1788.73	99
T	0.55	-0.78	69	0	60	0	30.36	1.437	2868.73	99
T	-1.593	-0.967	132	0	60	0	30.47	0.958	4414.73	99
T	-0.669	0.402	84	0	60	0	25.15	1.771	3279.73	99
T	-0.967	-0.21	51	0	60	0	34.75	1.051	1737.73	99
T	0.359	-1.711	51	6.551	60	0	19.77	0.18	948.73	99
T	-1.132	-2.181	72	3.254	60	0	18.32	0.576	1282.73	99
T	0.466	-0.341	317	1.861	60	0	19.23	0.804	6076.73	99
T	0.422	-3.188	69	0	53.51	0	27.46	0.941	2922.73	99
T	-0.15	0.59	65	0	59.74	0	33.05	0.693	982.73	99
T	-0.81	-0.081	133	0	59.71	0	28.16	1.371	4726.73	99
T	-0.214	1.137	16	0	60	0	34.92	5.549	523.73	45
T	0.863	-0.549	100	0	60	0	25.87	1.708	3616.73	99
T	2.323	1.545	174	13.897	60	0	14.67	1.894	2434.73	99
T	1.427	-1.414	161	0	60	0	29.7	1.409	6688.73	99
T	0.027	1.414	172	0	60	0	33.77	0.755	5571.73	99
T	1.427	-1.414	52	2.508	60	0	17.12	1.106	804.73	99
T	0.079	-3.955	120	2.478	60	0	15.4	0.492	1709.73	99
T	-1.205	-0.88	2	0	60	0	19.35	0.693	38.7	6
T	1.084	2.953	198	0	60	0	33.69	1.265	7601.73	99
T	0.572	-0.975	217	0	60	0	34.86	0.854	7818.73	99
T	-0.61	1.64	72	2.441	60	0	20.16	0.426	1249.73	99
T	1.224	1.535	7	0	60	0	32.56	4.174	277.77	21
T	0.486	1.407	53	7.954	60	0	12.99	1.442	662.73	99
T	0.261	-0.218	30	2.077	60	0	20.37	0.543	366.73	99
T	0.533	-0.614	114	0	59.92	0	33.41	2.723	3441.73	99
T	0.292	-2.31	83	0	59.32	0	28.75	6.123	1868.73	99
T	-0.409	0.629	6	0	60	0	33.79	3.912	202.77	21
T	-0.77	-1.807	25	0	60	0	33.61	2.124	806.73	72
T	0.725	-0.226	76	0	60	0	21.4	0.717	1519.73	99
T	1.498	0.354	160	0	60	0	16.52	0.742	2544.73	99
T	0.465	-0.451	107	0	60	0	31.44	0.78	2955.73	99
T	-1.913	-0.489	78	4.665	60	0	24.97	0.875	1897.73	99
T	3.334	-2.143	126	0	60	0	12.98	0.718	1609.73	99
T	3.16	1.491	387	0	60	-0.248	29.69	1.341	13702.7	99
T	-0.992	0.07	101	0.765	60	0	15.94	0.866	1561.73	99
T	-0.047	-1.133	67	0	60	0	26.53	0.925	2838.73	99
T	1.906	-2.37	159	0	60	0	28.31	0.92	5465.73	99
T	2.167	0.953	102	0	60	0	27.99	1.044	2659.73	99
T	-0.341	0	7	0	60	0	20.79	1.329	124.73	78
T	-0.901	0.344	34	0	60	0	23.9	1.214	1087.73	94
T	0.991	-0.305	37	0	60	0	33.45	0.984	1340.73	99
T	0.252	-1.719	34	0	60	0	30.3	1.112	1273.73	96
T	0.075	0.245	62	9.536	60	0	20.68	0.643	785.73	99
T	0.292	-2.31	78	2.191	60	0	17.46	0.44	1344.73	99
T	-1.654	-1.535	25	0	59.96	-1.833	32.27	1.609	775.73	66
T	1.617	-1.075	150	5.428	60	0	20.83	0.34	2936.73	99
T	-1.204	-1.341	40	0	60	0	26.87	1.179	1173.73	85
T	-0.509	-1.245	30	0	60	0	21.34	0.892	618.73	99
T	-0.624	0.363	17	5.193	60	0	19.98	2.048	319.73	99
T	1.349	-0.349	18	0	60	0	26.94	3.258	428.73	32
T	0.788	-0.813	124	0	59.87	-0.274	32.62	0.62	3729.73	84
T	-0.842	-0.524	270	0	60	0	32.28	0.826	9030.73	99
T	0.454	-1.709	51	8.46	60	0	15.87	0.058	634.73	99
T	1.036	-0.598	6	0	60	0	17.79	2.093	106.73	99
T	-0.191	-0.555	57	0	60	0	33.45	2.437	1938.73	99
T	2.298	0.437	28	1.471	60	0	14.99	1.022	389.73	99
T	-1.709	-0.655	73	0	60	0	24.2	1.852	3125.73	99
T	0.839	-11.095	29	0	60	0	29.36	1.609	1044.73	75
T	0.417	0.268	45	7.915	60	0	9.92	0.074	267.73	99
T	-0.952	-1.551	95	11.819	59.99	-1.105	19.28	2.089	1792.73	99
T	-0.494	-0.748	18	0	60	0	32.25	0.818	483.73	45
T	1.272	-3.848	41	0	60	0	28.68	3.5	1386.73	99
T	-0.216	-0.664	47	1.295	60	0	13.09	0.976	549.73	99
T	-1.474	-2.037	45	0	60	0	11.4	0.586	193.73	99
T	0.417	0.268	6	0	60	0	30.8	3.912	184.8	18
T	1.201	0.68	61	3.04	60	0	30.85	0.136	2465.73	78
T	1.231	-1.175	48	0	60	0	33.97	0.866	1630.73	99
T	2.287	-0.486	3	0	60	0	32.75	2.833	98.25	9
T	0.509	0.303	63	0	60	0	21.71	0.47	1150.73	46
T	1.061	0.208	19	0	60	0	31.07	1.609	834.73	60
T	1.072	-0.128	242	1.092	60	0	16.72	0.691	3394.73	99
T	2.82	-1.012	70	0	59.43	0	28.28	2.2	2531.73	99
T	1.061	0.208	21	0	60	0	33.94	6.091	678.73	60
T	1.781	0.067	42	0	60	0	27.08	5.136	1023.77	21
T	-0.781	-1.553	53	1.421	60	0	17.33	1.058	710.73	99
T	1.381	0.145	56	0	60	0	13.4	0.385	589.73	99
T	-0.823	-2.146	7	0	60	0	33.4	0.941	233.77	21
T	-1.804	-3.282	241	2.218	60	0	21	0.862	4914.73	99
T	4.251	1.009	31	0	58.91	0	26.35	1.112	677.73	46
T	-1.091	-0.889	58	0	60	0	38.35	0.693	1937.73	99
T	-0.814	0.814	40	4.662	60	0	14.51	1.483	565.73	99
T	0.223	-2.149	42	0	60	0	30.97	1.127	1476.73	99
T	-0.81	-0.081	43	3.916	60	0	21.32	0.191	575.73	99
T	0.189	-0.649	216	2.345	60	-1.059	17.83	0.79	3743.73	99
T	-1.482	1.629	134	0	60	0	29.71	0.708	5272.73	99
T	0.494	-0.412	164	0	60	0	31.24	0.955	5705.73	99
T	1.396	1.008	72	0	59.84	0	14.42	0.547	778.73	99
T	2.922	-1.22	7	0	60	0	30.28	2.303	95.37	8
T	-0.591	0	101	0	60	0	29.66	4.147	3445.73	99
T	1.327	-0.9	4	0	60	0	26.35	0.693	52.7	6
T	-1.625	-3.26	85	4.373	60	0	21.41	0.404	1798.73	99
T	0.561	-0.311	175	1.276	59.99	-1.012	16.53	0.836	2744.73	99
T	0.39	-1.3	49	0	60	0	32.52	5.549	2167.73	99
T	-0.275	-5.542	236	0	60	0	27.06	2.007	10786.7	99
T	2.749	-4.287	82	3.353	60	0	17.5	0.362	1242.73	99
T	-0.411	-1.401	92	3.817	60	0	15.88	1.339	1190.73	99
T	-0.836	1.764	30	1.415	60	0	14.66	0.446	439.73	99
T	-1.08	0.172	216	0	60	0	32.52	1.092	6666.73	99
T	0.254	1.097	37	17.685	60	0	13.72	2.232	507.73	99
T	-0.219	1.042	43	0	60	0	29.02	1.044	903.73	34
T	-0.383	1.731	184	3.496	60	0	29.57	0.595	5174.73	99
T	0.569	0.337	59	0	59.57	0	29.51	4.215	2355.73	99
T	-1.647	-0.67	67	3.905	60	0	17.36	0.216	1110.73	99
T	-1.226	0.827	34	1.352	60	0	20.45	1.022	674.73	99
T	-1.208	-1.039	72	0	60	-0.844	29.84	1.226	3234.73	99
T	1.299	2.608	82	2.113	60	0	18.33	1.697	1392.73	99
T	1.511	1.047	24	0	60	0	10.98	0.527	175.73	99
T	1.229	0.077	115	0	60	0	32.14	0.931	4885.73	99
T	0.747	0.531	82	0	60	0	34.83	1.493	2716.73	99
T	0.779	-0.418	111	0	60	0	34.84	2.175	4122.73	99
T	-0.903	1.117	95	0	60	0	30.49	0.883	3444.73	99
T	1.207	0.139	45	0	60	0	30.81	1.845	1672.73	99
T	-0.669	0.402	52	2.572	60	0	13.92	0.16	556.73	99
T	0.431	-0.967	4	0	60	0	14.58	1.179	43.73	38
T	0.02	0.143	83	0	60	0	22.96	0.963	1859.73	99
T	1.168	-0.223	137	0	60	0	28.5	1.699	6237.73	99
T	-0.591	0	114	0	60	0	32	2.141	4341.73	99
T	1.764	0.048	49	0	60	0	30.97	1.911	1792.73	99
T	0.779	-0.418	78	0	60	0	27.77	0.811	1343.73	99
T	-0.873	-0.818	17	0	60	0	17.45	0.818	261.73	99
T	0.18	-0.712	7	0	60	0	4.53	0.892	31.73	69
T	0.312	-1.122	35	0	60	0	35.16	0.941	1365.73	45
T	0.971	-0.701	15	0	60	0	14.83	0.569	192.73	99
T	-1.149	-0.581	45	6.419	60	0	13.56	0.126	501.73	99
T	-0.951	-0.794	185	0	60	0	19.29	0.736	3278.73	99
T	-2.292	-1.895	102	1.076	60	0	17.03	0.929	1651.73	99
T	1.593	-0.575	157	0	60	0	22.13	0.724	3253.73	99
T	0.328	1.273	137	3.043	60	0	34.31	0.159	4597.73	99
T	0.262	-1.68	137	0	60	0	30.65	2.061	3708.73	99
T	1.362	-0.153	86	0	60	-1.015	33.14	2.862	2617.73	99
T	-1.37	1.076	68	4.017	60	0	27.83	0.993	2626.73	99
T	0.71	-0.385	122	0	60	0	31.93	1.16	5482.73	99
T	0.622	-0.27	42	0	60	0	27.74	0.317	1081.73	99
T	-0.822	0.027	28	4.771	60	0	19.1	0.128	534.73	99
T	2.554	-2.182	101	0	60	0	34.25	1.496	3652.73	99
T	0.066	-1.37	3	0	60	0	32.75	1.179	98.25	9
T	-0.52	-0.844	8	0	60	0	30.97	2.833	247.75	24
T	0.454	-1.709	168	0	60	0	29.94	1.595	6288.73	99
T	-1.021	-0.564	94	0	60	0	33.39	1.233	2837.73	99
T	0.907	-0.962	219	0	60	0	13.73	0.686	2485.73	99
T	-0.224	-2.088	6	0	55.26	-1.258	31.77	1.022	158.87	15
T	1.13	-0.479	28	4.129	60	0	26.23	2.726	550.73	99
T	2.951	0.983	95	0	60	0	33.87	1.855	3431.73	99
T	0.284	0.817	131	2.532	60	0	18.47	0.483	2289.73	99
T	0.496	-1.961	57	2.579	59.78	-0.9	20.71	0.399	1014.73	99
T	1.587	-0.311	167	0	60	0	27.81	1.394	5572.73	99
T	1.282	-0.431	6	4.771	60	0	5.79	0.039	34.73	72
T	-0.566	-0.647	8	0	60	0	3.59	1.27	28.74	66
T	1.159	-1.151	117	0	60	0	26.4	0.711	4170.73	99
T	1.85	-0.424	95	2.673	60	0	30.12	1.805	3724.73	99
T	-1.276	-1.055	172	0	60	0	28.65	1.151	6168.73	99
T	-0.204	-0.204	63	0	60	0	29.98	1.733	2158.73	99
T	2.592	0.347	156	0	60	0	13.41	0.708	2092.73	99
T	-0.603	-0.735	3	0	60	0	28.08	1.179	84.25	9
T	0.16	2.916	69	1.076	60	0	12.78	0.869	830.73	99
T	1.508	0.307	198	0	60	0	32.9	1.687	6151.73	99
T	-0.435	-0.215	109	1.579	56.47	-6.415	17.41	0.533	1792.73	99
T	1.011	0.023	198	0	59.97	-0.221	29.3	1.859	8181.73	99
T	0.87	0.456	3	0	60	0	23.42	2.833	70.25	9
T	-2.03	-0.19	114	0.698	60	0	17.4	0.605	1965.73	99
T	0.668	0.334	199	0.541	60	0	17.03	0.779	3200.73	99
T	-0.108	1.415	26	0	60	0	30.13	1.022	1128.73	78
T	0.934	1.756	86	0	60	0	18.82	0.733	1373.73	99
T	0.71	-0.385	7	0	57.57	0	30.28	2.303	216.8	18
T	1.852	-1.683	46	0	60	0	33.11	0.883	1456.73	99
T	-0.26	-1.186	33	5.576	60	0	9.99	2.336	309.73	99
T	0.702	0.869	60	0	60	0	14.93	0.693	895.73	99
T	0.253	-1.282	5	0	60	0	12.18	1.981	60.9	14
T	0.588	0.421	99	5.186	60	0	13.58	2.226	746.73	99
T	0.413	1.339	25	0	60	0	27.42	5.058	1087.73	75
T	-0.792	-0.661	35	1.691	60	0	18.42	0.328	607.73	99
T	2.128	0.115	283	1.436	60	0	18.14	0.8	5098.73	99
T	0.979	-0.068	59	0	60	0	27.37	2.428	1395.73	99
T	-0.716	-1.495	69	0	60	0	28.16	1.681	2467.73	99
T	-0.475	-0.521	122	3.778	60	0	11.99	0.38	1246.73	99
T	0.227	1.324	4	0	55.5	0	31.25	1.609	125	12
T	0.13	0.349	64	0	60	0	28.65	1.143	2200.73	99
T	0.679	-1.655	91	0	60	0	8.9	0.631	622.73	99
T	-0.927	-0.158	62	5.643	60	0	25.32	2.044	1392.73	99
T	2.488	-1.461	51	0	60	0	20.68	0.593	1054.73	99
T	1.427	-4.475	21	0	60	0	27.24	3.816	896.73	68
T	0.862	0.517	81	0	60	0	14.87	0.76	1159.73	99
T	0.248	-3.901	56	0	60	0	32.53	3.99	1821.73	99
T	2.922	-1.22	43	0	60	0	25.72	0.693	1673.73	99
T	-0.007	0.788	90	1.071	60	0	17.67	0.892	1077.73	99
T	3.309	-0.67	149	0.641	60	0	14.79	0.807	2158.73	99
T	-1.15	-0.816	31	0	60	0	27.31	1.143	1314.73	93
T	0	0.509	79	1.208	60	0	16.34	0.438	1176.73	99
T	-2.206	-0.899	2	0	60	0	29.98	0.693	89.25	9
T	-1.103	-0.459	199	0	60	0	28.79	1.623	6916.73	99
T	0.576	1.153	27	0	60	0	31.25	1.22	1132.73	78
T	-0.992	-1.95	143	6.836	60	0	17.16	1.435	1235.73	99
T	1.061	0.208	73	3.652	60	0	17.13	0.345	1027.73	99
T	1.764	0.048	66	0	60	0	30.69	2.939	2618.73	99
T	0.742	-1.404	85	0	60	0	26.93	0.976	3235.73	99
T	1.068	0.674	8	0	60	0	1.58	0.148	11.08	48
T	0.674	0.319	5	0	60	0	9.43	1.022	37.73	75
T	-1.298	0.229	170	0	60	0	33.01	1.381	7504.73	99
T	1.792	2.339	46	5.849	59.27	0	2.55	2.76	63.73	99
T	-0.765	-0.077	159	0	60	0	30.07	0.732	6089.73	99
T	-0.897	0.446	3	0	60	0	28.08	1.179	84.25	9
T	-0.339	-0.557	184	0	60	0	29.66	1.291	6633.73	99
T	-0.105	0.234	183	1.212	60	0	12.65	0.709	2263.73	99
T	0.953	0.273	38	0	60	0	32.59	1.802	1205.73	99
T	-0.257	0.469	17	0	60	0	15.98	1.022	271.73	99
T	-0.792	-2.189	33	0	60	0	30.58	1.022	1447.73	99
T	0.414	0.865	76	0	60	0	27.73	2.206	2615.73	99
T	0.274	0.247	68	3.241	60	0	18.8	0.602	1278.73	99
T	-0.311	-1.656	167	8.116	60	0	20.5	0.305	3197.73	99
T	-2.186	1.392	30	10.792	60	0	18.59	2.209	371.73	26
T	-1.593	-0.967	208	0	60	0	32.97	0.96	7034.73	99
T	0.396	-0.608	5	0	60	0	29.97	3.611	149.87	15
T	-0.795	-0.296	19	0	60	0	28.78	4.294	685.73	54
T	-1.228	0.303	238	2.21	60	0	13.88	0.934	3192.73	99
T	-1.152	-2.647	44	0	60	0	30.07	0.746	1112.73	99
T	2.738	0.062	35	1.935	60	0	17.32	0.216	415.73	99
T	1.656	0.61	42	3.133	60	0	12.67	1.292	506.73	99
T	0.566	-0.674	47	0	60	0	25.08	1.981	2159.73	99
T	1.245	0.788	196	0	60	0	27.51	0.828	5171.73	99
T	2.235	-1.618	236	0	60	0	30.21	2.127	10796.7	99
T	0.546	0.503	33	0	59.7	-0.499	26.47	2.621	1077.73	90
T	0.98	-1.618	60	0	60	0	27.84	2.79	2069.73	99
T	0.407	-1.336	110	0.779	60	0	16.84	0.588	1666.73	99
T	1.269	-0.089	131	0	60	0	14.77	0.68	1875.73	99
T	1.398	-1.773	37	0	60	0	31.37	1.022	1295.73	99
T	-1.293	-0.118	175	0	60	0	28.66	1.426	7772.73	99
T	0.566	-0.674	16	0	60	0	18.39	1.981	128.73	99
T	-2.146	-0.932	197	0	59.97	0	26.68	1.572	8636.73	99
T	0.687	0.473	39	0	60	0	30.79	0.968	1404.73	99
T	1.269	-0.089	50	0	59.21	0	33.06	0.776	1586.73	99
T	2.355	3.141	55	0	59.8	0	14.1	0.671	507.73	99
T	-0.094	0.558	28	5.516	60	0	2.92	2.517	81.73	99
T	4.279	-1.505	129	0	60	0	30.31	1.057	4640.73	99
T	-0.987	0	32	1.643	60	0	8.75	1.112	253.73	99
T	-0.633	0.83	49	0	60	0	31.79	1.002	1500.73	99
T	0.134	-0.353	68	0	60	0	23.65	0.604	2383.73	86
T	0.415	-0.553	73	0	60	0	33.4	1.308	2404.73	99
T	0.252	-1.719	43	0	60	0	24.39	1.402	853.73	77
T	0.696	-0.099	77	3.32	60	0	24.09	0.97	1710.73	99
T	2.1	2.1	14	0	57.62	0	30.59	1.863	244.73	59
T	-1.428	-0.125	61	3.011	60	0	22.75	0.273	1387.73	99
T	1.728	1.111	3	0	60	0	18.42	2.833	55.25	9
T	-0.241	0.279	81	8.612	60	0	10.59	1.689	815.73	99
T	-3.036	-0.889	81	8.417	60	0	13.22	1.577	951.73	99
T	1.251	-4.057	132	4.089	60	0	13.81	1.154	1726.73	99
T	-0.374	-0.131	4	0	60	0	26.85	2.303	53.7	6
T	-0.303	-0.175	96	2.74	60	0	18.82	1.056	1787.73	99
T	3.382	-0.443	24	0	60	0	30.16	1.179	693.73	69
T	0.841	-0.057	109	0	60	0	34.65	1.454	3534.73	99
T	-1.268	-1.468	49	3.163	59.72	0	31.09	0.442	901.73	99
T	1.106	-0.666	53	0	60	0	33.74	2.833	1839.73	99
T	0.573	-1.426	49	0	60	0	29.94	1.473	1770.73	99
T	-0.168	0.955	60	0	60	0	29.76	0.76	2672.73	99
T	0.542	0.157	122	8.434	60	0	28.4	1.078	5138.73	99
T	-2.398	0.159	265	0.449	60	0	15.6	0.738	4134.73	99
T	0.412	-1.033	37	0	60	0	31.54	0.752	1040.73	99
T	2.495	1.945	145	0.724	57.47	-6.501	15.69	0.833	1960.73	99
T	3.542	-0.204	30	0	60	0	31.3	3.767	1221.73	84
T	-1.167	0.145	54	0	60	0	31.61	1.036	1902.73	99
T	0	-0.551	46	0	60	0	26.59	2.115	930.73	99
T	-1.26	-0.417	129	0	60	0	33.21	0.775	4998.73	99
T	-0.608	-0.413	95	13.53	60	0	13.92	0.123	1043.73	99
T	1.735	0.041	49	0	60	0	35.45	5.353	1315.73	91
T	0.618	-1.035	229	0	60	0	11.28	0.726	2570.73	99
T	-0.473	-6.708	124	0	60	0	11.62	0.712	1417.73	99
T	1.109	-1.49	102	0.837	60	0	17.82	0.864	1763.73	99
T	1.508	0.828	161	0	60	0	28.15	0.958	7009.73	99
T	-1.465	-0.949	81	0	60	0	35	1.673	2624.73	99
T	2.951	0.983	17	31.351	60	0	2.65	3.219	39.73	77
T	-0.77	-1.807	22	0	58.66	0	30.2	0.99	846.73	72
T	0.585	-1.874	73	0.921	60	0	15.19	0.856	1032.73	99
T	1.511	1.047	204	0	60	0	27.02	0.765	7509.73	99
T	0.882	0.912	43	13.133	59.71	0	23.26	1.96	883.73	99
T	0.247	-0.983	148	0	60	0	30.89	1.467	3953.73	99
