Class	BaseQRankSum	ReadPosRankSum	DP	FS	MQ	MQRankSum	QD	SOR	QUAL	GQ
F	-1.452	-1.285	71	0	60	0	35.63	0.844	3284.73	99
F	-2.062	1.007	56	6.99	59.4	-0.728	5.3	3.383	100.73	99
F	-1.739	-1.561	45	2.674	59.78	0.694	2.27	1.524	65.73	99
F	2.014	-3.015	29	0	60	0	3.37	1.112	97.73	99
F	-2.323	1.134	32	0	59.48	0	2.42	0.784	38.73	76
F	0.9	-4.973	529	2.233	59.97	-2.558	1.73	0.491	610.73	99
F	-2.192	-1.398	53	0	60	0	0.4	0.76	17.8	55
F	0.927	-1.461	81	7.313	59.82	0	0.85	0.09	47.73	85
F	-1.411	-0.086	22	4.027	60	0	1.55	0.072	21.76	59
F	-0.075	0.553	51	0	60	0	1.02	0.725	47.73	85
F	-0.06	-0.245	165	2.381	59.89	0	3.19	0.375	360.73	99
F	0.365	0.879	165	3.032	60	0	1.2	0.385	184.73	99
F	-0.301	0.674	131	0	59.96	0	2.69	0.263	198.73	99
F	0.538	-0.197	56	12.063	59.7	0	1.94	3.611	73.73	99
F	-0.558	-0.986	115	2.05	60	0	0.38	0.223	34.73	72
F	1.911	-1.523	71	1.768	60	0	0.2	0.34	10.17	47
F	1.01	-0.446	40	0	60	0	32.59	1.292	1852.73	99
F	-0.614	-3.084	90	0	60	0	1.81	0.412	117.73	99
F	-0.52	-1.862	39	0	60	0	1.21	0.641	32.73	70
F	0.13	-0.884	60	1.77	60	0	2.6	1.09	145.73	99
F	-0.712	0.566	7	0	60	0	2.4	0.148	16.82	54
F	1.728	0.883	216	1.111	60	0	13.14	0.598	2838.73	99
F	0.637	-0.952	46	0	59.64	0	3.13	1.27	87.73	99
F	-0.431	-0.431	12	3.01	60	0	2.86	1.911	25.74	63
F	0.026	-0.171	64	0	59.9	0	9.89	0.312	474.73	99
F	-0.999	0.718	102	3.387	59.84	0	0.94	0.23	78.73	99
F	0.666	-2.881	102	1.418	60	0	2.66	0.405	188.73	99
F	0.552	-0.08	26	0	60	0	2.84	0.425	39.73	77
F	-0.979	-2.241	85	5.208	60	0	0.44	0.215	31.73	69
F	-0.115	-1.258	100	1.361	60	0	2.18	1.085	128.73	99
F	-0.849	0.354	188	0	59.58	-0.813	8.62	0.627	1025.73	99
F	-0.919	0.063	57	7.899	58.6	0.171	4.49	0.042	152.73	99
F	1.299	0.811	32	0	60	0	13.71	1.609	397.73	99
F	0.876	0.366	12	0	60	0	7.86	1.022	70.73	99
F	-1.32	1.572	10	0	60	1.197	29.33	3.258	422.73	33
F	1.28	-1.036	75	3.186	60	0	4.44	0.235	217.73	99
F	0.538	-0.794	19	0	60	0	5.14	1.08	61.73	99
F	0	-1.005	21	10.62	58.13	-1.807	3.51	3.238	66.73	99
F	0.078	-0.508	17	2.796	60	0	3.52	0.939	52.73	90
F	0.074	-4.679	81	1.235	60	0	3.46	0.403	238.73	99
F	0.893	-4.445	107	135.5	59.55	-2.044	4.22	5.781	379.73	99
F	0.696	-0.798	17	2.846	60	0	5.4	1.981	91.73	99
F	-0.46	-4.796	143	0	60	0	6.18	0.77	667.73	99
F	1.96	0	15	5.229	60	0	1.11	0.035	11.08	48
F	-2.362	-0.352	14	0	59.86	0.349	0.92	1.371	10.17	47
F	0.856	1.397	60	0	60	0	0.24	0.866	13.91	51
F	-2.347	-2.194	40	10.274	59.58	0	0.44	2.215	16.82	54
F	-1.121	-8.155	116	0	60	0	0.99	0.65	114.73	99
F	-1.433	-1.005	49	8.994	60	0	25.34	0.138	1165.73	99
F	0.223	-1.347	45	0	60	0	2.84	0.616	93.73	99
F	2.214	-2.181	31	3.859	60	0	0.55	0.083	12.01	49
F	0.627	0.129	119	2.264	60	0	0.11	1.421	10.17	47
F	-0.21	-0.21	6	0	60	0	2	1.179	12.01	49
F	1.498	-1.04	35	0	59.52	0	2.31	0.836	57.73	95
F	0	0	4	0	60	0	8.25	0.223	24.75	27
F	1.211	0.687	79	2.295	59.03	-6.051	0.36	1.554	27.74	65
F	2.193	-1.771	76	0	59.78	0	5.2	0.387	223.73	99
F	0.771	-1.213	175	8.944	59.9	0	0.33	0.149	45.73	83
F	-0.754	-1.467	112	1.415	59.87	0.426	1.48	0.338	122.73	99
F	-0.674	-1.242	8	0	60	0	2.23	0.307	17.8	55
F	-0.845	0.175	165	8.977	60	0	1.59	0.097	217.73	99
F	0.83	-0.615	19	7.858	60	0	19.78	3.312	375.73	99
F	0.282	-0.431	12	4.228	60	0	2.18	0.061	21.76	59
F	0.262	0.735	86	0	57.33	0	28.71	2.239	4373.73	99
F	-1.149	-1.44	99	0	60	0	2.37	0.826	144.73	99
F	-0.095	-0.699	195	2.204	60	0	0.08	1.082	15.85	53
F	-1.055	-1.951	136	3.087	59.58	1.753	8.17	0.197	579.73	99
F	-0.892	-0.029	149	0.874	60	0	4.04	0.565	440.73	99
F	-1.723	1.141	66	10.857	54.7	-7.302	9.89	2.593	553.73	99
F	2.171	-1.743	172	6.233	60	0	1.21	1.426	143.73	99
F	1.061	-1.014	68	1.421	59.93	0	19.71	0.422	985.73	99
F	-4.153	-0.219	198	21.425	60	0	6.43	1.066	1259.73	99
F	1.883	-1.854	96	0	59.77	-1.978	0.88	0.809	62.73	99
F	1.917	-7.433	166	1.578	60	0	2.6	0.527	421.73	99
F	-0.545	-2.241	51	4.087	59.92	-0.75	15.07	2.448	617.73	99
F	0.912	1.388	83	0	59.83	1.386	28.26	0.742	3751.73	99
F	0.471	0.888	19	4.752	58.72	-0.722	15.98	1.815	271.73	99
F	-0.039	-1.704	58	7.585	60	0	5.16	0.144	242.73	99
F	0.735	1.325	23	0	60	0	0.73	0.582	16.82	54
F	-0.978	1.852	68	3.831	60	0	1.46	1.721	75.73	99
F	-0.338	0.085	38	2.021	60	0	1.39	0.293	45.73	83
F	0.431	-1.383	5	0	60	0	6.69	0.693	26.74	64
F	-0.89	-4.226	124	61.804	59.11	-3.522	5.29	6.615	486.73	99
F	1.201	0.685	99	7.784	60	0	15.35	0.18	1243.73	99
F	-1.142	0.857	294	0.77	60	0	1.14	0.558	272.73	99
F	-1.32	1.572	122	7.364	59.36	1.197	8.84	3.007	406.74	99
F	0.131	-2.364	183	0	60	0	0.08	0.646	11.08	48
F	-0.844	1.397	15	0	60	0	1.07	0.551	13.91	51
F	-2.343	-5.017	2	0	60	-2.483	19.35	0.693	38.7	6
F	-1.387	0.471	74	7.202	60	0	0.53	0.013	29.74	67
F	0.094	-7.509	260	0.68	60	0	0.82	0.77	196.73	99
F	1.191	-4.697	79	3.227	60	0	0.21	0.246	15.85	53
F	1.317	-1.069	141	0	60	0	0.46	0.495	51.73	89
F	0.358	0.255	122	2.45	60	0	2.42	1.047	234.73	99
F	0.211	-2.082	181	0	60	0	28.63	0.761	8079.73	99
F	1.186	-1.314	33	8.129	60	0	1.06	0.033	15.85	53
F	1.031	-0.305	143	0	60	0	5.31	0.69	620.73	99
F	1.244	0.355	47	0	59.86	0	12.41	0.705	533.73	99
F	-0.753	-2.928	77	5.922	60	0	1.81	0.14	97.73	99
F	-1.925	-2.25	93	0	50.92	-3.247	16.98	0.693	237.73	99
F	-0.562	-6.972	265	0.646	60	0	2.22	0.613	515.73	99
F	1.843	0.751	61	3.035	60	0	1.97	0.842	94.73	99
F	2.066	-0.43	47	0	60	0	3.53	0.836	144.73	99
F	2.238	1.119	45	0	60	0	0.5	0.586	11.08	48
F	2.135	-6.929	126	25.429	58.45	-6.45	3.41	3.72	408.73	99
F	-3.908	-0.258	64	39.194	60	0	8.25	5.548	486.73	99
F	1.574	0.116	46	2.527	59.17	1.711	4.44	1.721	111	99
F	-1.302	-0.392	128	0	60	0	1.09	0.672	121.73	99
F	-0.696	-0.034	77	9.491	60	0	18.74	0.42	1442.73	99
F	-1.224	-0.699	66	3.132	60	0	5.58	2.147	150.73	99
F	-0.078	-2.304	163	1.06	59.9	0	3.41	0.859	395.73	99
F	0.6	-5.31	240	1.501	60	0	1.32	0.515	270.73	99
F	1.097	-4.55	118	71.05	60	0	2.68	5.667	222.73	99
F	0.933	-1.115	59	0	59.28	0	7.85	0.407	321.73	99
F	1.741	0.058	53	0	60	0	2.35	0.534	98.73	99
F	1.121	-2.707	104	5.781	60	0	1.38	0.03	103.73	99
F	1.056	-3.106	99	0	60	0	2.51	0.747	195.73	99
F	2.183	0.517	46	8.917	59.75	0	2.65	2.476	108.73	99
F	2.098	1.146	347	9.056	59.23	-4.431	18.96	0.048	2635.73	99
F	-0.474	-1.2	65	1.853	59.93	0	1.7	0.293	69.73	99
F	1.196	0.913	81	0	59.75	0	5.52	0.848	264.73	99
F	2.263	-6.535	135	6.401	58.73	-5.615	3.91	1.007	472.73	99
F	1.663	-1.446	40	2.758	60	0	0.69	0.169	22.75	60
F	-2.934	-0.882	76	0	59.89	-1.115	16.02	0.744	1217.73	99
F	1.744	-0.103	43	14.393	60	0	2.3	0.01	73.73	99
F	-0.235	2.862	295	0	56.4	-8.171	13.53	0.678	3706.73	99
F	0.377	-0.041	93	8.849	59.16	-1.671	19.29	0.194	1446.73	99
F	0.158	0.956	94	0	60	0	1.81	0.565	99.73	99
F	-0.647	-0.193	85	5.843	60	0	18.57	0.291	1578.73	99
F	-0.467	-0.964	160	0	60	0	28.51	0.941	7178.73	99
F	-0.895	-1.089	147	8.851	59.92	0	0.11	0.105	13.91	51
F	-0.063	-3.565	70	28.068	59.48	-1.865	5.27	5.058	305.73	99
F	-0.822	0.141	50	0	59.67	0	8.47	0.392	355.73	99
F	-0.313	-1.313	64	1.354	60	0	0.52	0.941	32.73	70
F	2.165	-2.294	174	4.546	59.9	0	1.53	0.237	171.73	99
F	-0.027	-3.975	112	1.047	60	0	0.5	0.499	53.73	91
F	-0.81	1.747	113	1.106	60	0	3.03	0.814	272.73	99
F	0.629	-0.358	65	6.667	60	0	1.08	2.101	61.73	99
F	1.482	-0.409	43	3.212	60	0	2.07	0.132	78.73	99
F	0.97	-1.514	93	0	60	0	0.98	0.412	71.73	99
F	-0.442	-2.091	308	0	60	0	1.59	0.684	464.73	99
F	1.13	-0.939	43	2.057	60	0	0.87	0.26	28.74	66
F	-0.113	1.617	65	0	59.65	0.727	3.72	0.646	111.73	99
F	0.088	-3.137	73	1.342	60	0	3.37	1.078	198.73	99
F	-0.259	-0.648	66	5.474	60	0	2.31	0.105	94.73	99
F	-0.884	-3.059	49	0	58.31	-5.642	2.47	0.798	118.73	99
F	-0.551	-1.209	52	6.021	60	0	1.75	0.025	64.73	99
F	1.323	-0.685	141	10.297	59.83	-1.957	3.14	3.114	357.73	99
F	0.609	-5.61	124	2.197	60	0	2.3	0.979	284.73	99
F	0.906	-1.085	102	2.409	60	0	0.67	1.341	55.73	93
F	-0.709	-0.762	245	2.378	60	0	0.5	0.503	116.73	99
F	-0.222	-2.548	145	5.962	59.65	-1.173	4.98	0.528	512.73	99
F	-1.068	2.88	380	26.588	55.23	-14.799	14.71	1.729	4500.73	99
F	2.157	-0.41	72	11.317	60	0	0.31	0.015	17.8	55
F	-0.993	-1.634	23	0	60	0	0.99	0.941	16.82	54
F	0.663	-1.207	156	4.38	60	0	14.33	0.399	1848.73	99
F	-2.406	-2.948	37	7.99	60	0	5.72	2.964	211.73	99
F	0.098	-0.014	146	6.329	60	0	0.52	0.221	58.73	96
F	0.658	0.982	41	2.507	60	0	1.6	1.262	49.73	87
F	-2.343	-5.017	94	131.986	59.98	-2.483	1.85	5.13	162.73	99
F	-1.531	-0.087	31	2.481	60	0	0.91	1.015	22.75	60
F	-0.016	-2.143	51	3.872	60	0	2.36	0.223	110.73	99
F	1.3	-1.496	40	2.198	52.97	-1.152	1.46	1.609	46.73	84
F	-0.331	-0.577	72	7.605	60	0	1.33	0.08	67.73	99
F	-0.435	-1.367	106	0	60	0	1.98	0.576	134.73	99
F	-0.79	-3.497	41	0	60	0	2.94	0.714	114.73	99
F	-1.253	-1.077	100	0.997	59.75	-0.99	16.58	0.551	1608.73	99
F	0.874	-5.262	64	4.13	60	0	2.54	1.352	162.73	99
F	1.631	1.841	87	3.402	60	0	5.57	1.508	261.73	99
F	2.81	-1.397	80	0	60	0	19.77	0.795	1561.73	99
F	-0.673	1.353	139	34.114	58.79	-11.425	0.1	3.227	12.96	50
F	0	-1.659	100	0	60	0	1.84	0.919	121.73	99
F	-1.649	-4.592	144	222.553	59.83	-4.172	1.83	6.089	246.73	99
F	-0.149	-2.733	61	0	60	0	1.49	0.204	47.73	85
F	-0.667	-2.27	37	11.214	60	0	4.71	3.278	169.73	99
F	0.239	0.139	127	1.708	60	0	14.14	0.518	1738.73	99
F	1.242	1.668	60	0	59.44	-0.524	6.47	1.085	64.73	53
F	-0.671	0.928	72	0	60	0	33.12	0.749	3241.73	99
F	-0.864	-0.138	65	3.886	59.74	0	2.54	0.525	88.73	99
F	0.324	-2.388	132	8.448	60	0	4.62	0.151	378.73	99
F	-4.174	1.114	112	6.316	55.67	-9.449	5.62	0.934	618.73	99
F	-0.441	-0.386	74	0	60	0	2.04	0.482	99.73	99
F	-0.713	0.535	41	0	60	0	2.57	0.173	79.73	99
F	1.285	1.983	65	7.722	60	0	0.64	1.098	34.73	72
F	-0.227	0.069	72	0	60	0	2.21	0.437	103.73	99
F	-0.63	0.069	26	0	60	0	3.25	0.26	48.73	86
F	1.014	1.97	114	0	58.74	-3.871	20.57	0.743	925.73	99
F	1.01	-0.446	43	0	60	0	33.19	1.312	1877.73	99
F	-0.048	-1.035	20	0	58.61	-0.589	26.54	1.493	477.73	99
F	-1.122	-2.222	133	1.376	60	0	0.47	0.945	49.73	87
F	0.92	0.035	56	4.973	59.51	0	2.24	0.047	71.73	99
F	-2.022	-3.217	98	5.012	59.83	0	1.8	2.322	109.73	99
F	0.127	-2.383	54	14.654	60	0	2.85	0.014	99.73	99
F	0.932	0.604	97	0	60	0	1.25	0.555	112.73	99
F	-0.083	2.447	118	3.659	60	0	0.4	1.343	32.73	70
F	1.802	0.115	153	11.83	57.8	-6.186	0.17	3.089	24.75	62
F	1.673	0.965	164	16.517	58.96	-4.039	18.27	0.067	1424.73	99
F	-2.117	-1.719	75	6.246	59.74	0.696	3.02	1.964	114.73	99
F	-1.55	-0.717	335	0	60	0	0.12	0.707	37.73	75
F	0.828	0.085	26	2.483	60	0	3.49	0.169	76.73	99
F	1.442	-1.495	128	1.105	59.85	0	5.81	0.509	493.73	99
F	-0.712	-0.566	11	0	60	0	9.68	0.148	67.73	99
F	1.359	-0.712	74	17.719	60	0	8.74	1.324	506.73	99
F	-2.21	-0.694	43	5.453	55.5	-5.693	9.65	2.215	337.73	99
F	0.87	-1.163	41	7.453	60	0	0.72	0.05	23.75	61
F	1.111	1.242	293	0	59.97	0	27.71	0.8	13192.7	99
F	0.023	-0.49	50	4.323	60	0	3.87	1.17	131.73	99
F	0.046	1.225	277	6.546	60	0	1.29	1.305	333.73	99
F	-0.839	-4.241	33	3.22	60	0	6.05	0.741	193.73	99
F	0.242	-2.352	74	0	60	0	1.71	0.082	105.73	99
F	-0.295	-1.767	129	0	60	0	29.18	5.119	4619.73	99
F	0.996	-1.652	66	0	59.75	0	1.29	0.495	60.73	98
F	-0.838	0.024	335	6.043	59.87	0	0.37	0.155	74.73	99
F	-1.409	-6.427	220	1.433	60	0	1.44	0.554	306.73	99
F	-0.259	-1.901	187	21.63	60	0	2.08	3.412	280.73	99
F	-0.591	-1.622	87	0	59.97	0	2.42	0.741	125.73	99
F	1.163	0.89	128	0.931	59.9	-1.08	16.56	0.912	1539.73	99
F	0.172	0.22	18	0	60	0	3.52	1.179	52.73	90
F	-2.384	-0.639	97	4.899	59.83	0	0.39	1.696	30.73	68
F	-3.07	-5.183	4	0	60	-2.295	19.42	2.833	58.25	9
F	-0.674	-1.036	6	3.979	60	0	2.03	0.061	10.17	47
F	0.964	0.668	39	1.681	60	0	2.97	1.089	115.73	99
F	-0.314	-0.393	161	0.896	57.82	-9.296	4.47	0.506	697.73	99
F	-0.978	-0.679	74	0	60	0	0.22	0.856	13.91	51
F	-0.557	1.221	10	0	60	0	2.28	0.693	22.75	60
F	0	-0.42	33	0	60	0	7.12	0.904	163.73	99
F	-1.367	-2.099	103	0	60	0	0.15	0.432	12.96	50
F	-0.153	-1.125	60	2.372	60	0	12.7	0.232	685.73	99
F	-0.55	-3.432	132	5.834	59.96	0	1.58	1.502	171.73	99
F	-2.865	-2.155	43	15.578	60	0	8.43	3.442	328.73	99
F	1.476	0.85	47	4.771	58.94	0	1.43	0.052	38.73	76
F	-3.132	-6.519	70	109.384	59.6	-1.795	12	6.993	791.73	99
F	1.874	2.524	236	0.69	57.26	-12.105	5.25	0.791	1218.73	99
F	0.434	-8.496	239	0	60	0	0.21	0.778	31.73	69
F	1.284	0.031	68	6.416	60	0	3.06	1.673	180.73	99
F	0.479	-1.144	37	6.308	60	0	1.03	0.074	25.74	63
F	-2.397	-0.409	53	2.96	59.68	-1.166	5.47	1.802	218.73	99
F	0.689	-2.153	134	1.6	59.88	0	1.13	0.299	117.73	99
F	0	-0.297	22	3.736	60	0	1.07	0.086	13.91	51
F	0.858	-0.136	108	1.9	58.59	0	1.98	1.112	120.73	99
F	-1.625	-2.603	42	11.663	60	0	2.74	0.011	109.73	99
F	-1.077	-4.699	152	109.475	59.79	-3.529	0.7	4.97	105.73	99
F	0.234	-0.428	343	2.83	60	0	0.73	0.717	203.73	99
F	-1.981	-0.431	7	0	60	0	1.72	0.446	12.01	49
F	-1.368	-3.188	310	11.979	59.4	-1.029	0.33	2.303	49.73	87
F	-1.26	2.148	129	6.922	60	0	0.24	2.311	25.74	63
F	0.55	-2.604	133	1.24	59.87	0.597	2.32	0.479	217.73	99
F	0.076	-2.691	107	0	60	0	1.2	0.091	104.73	99
F	-0.977	-0.109	309	2.603	60	0	2.94	0.99	657.73	99
F	-1.247	-0.264	73	2.68	59.76	-0.375	2.52	1.981	120.73	99
F	2.184	-4.885	57	20.166	56.1	-6.953	2.49	4.167	124.73	99
F	2.42	-7.612	146	3.902	59.07	-6.406	4.96	1.27	684.73	99
F	0.774	-0.83	69	10.802	60	0	1.77	2.251	79.73	99
F	-3.07	-5.183	106	204.234	59.96	-2.295	9.4	6.735	958.73	99
F	-0.186	-9.137	294	1.447	60	0	2.74	0.54	657.73	99
F	-1.26	2.59	319	2.125	60	0	0.84	0.53	242.73	99
F	0.232	0.038	142	0	59.82	0	29.73	0.862	6016.73	99
F	1.103	-1.287	113	3.073	59.85	0	0.57	1.253	40.73	78
F	0.297	-2.767	69	1.688	59.53	0	2.4	0.307	112.73	99
F	1.455	0.126	46	3.226	59.96	0	0.44	0.122	14.87	52
F	1.751	0.435	164	1.858	60	0	0.47	0.912	76.73	99
F	1.994	0.804	323	4.945	59.64	-1.19	0.66	0.044	132.73	99
F	-0.123	-0.565	148	0	59.89	0	1.62	0.653	100.73	99
F	1.114	0.97	109	14.185	60	0	2.46	3.033	186.73	99
F	-2.262	-5.976	247	0.565	60	0	4.85	0.643	1106.73	99
F	0.976	-1.896	68	0	60	0	3.15	0.382	144.73	99
F	-0.598	-1.18	176	0	60	0	26.48	0.863	7946.73	99
F	0.113	-0.443	202	3.34	59.79	0	4.6	0.38	510.73	99
F	0.779	0.104	26	0	60	0	6.24	0.976	124.73	99
F	0.59	-3.387	66	0	60	0	2.8	0.639	173.73	99
F	1.315	-3.155	72	8.751	60	0	1.14	2.387	62.73	99
F	-0.46	-0.214	418	0	60	0	35.65	1.469	18413.7	99
F	0.372	1.212	149	0	59.58	0.853	2.03	0.595	212.73	99
F	-0.287	0.277	15	0	60	0	0.79	0.223	11.08	48
F	0.049	-2.021	47	6.487	60	0	0.9	0.072	29.74	67
F	-0.916	0.456	22	0	60	0	1.65	0.502	34.73	72
F	0.151	-0.424	131	7.331	60	0	1.44	1.876	155.73	99
F	-2.415	-2.328	52	13.043	60	0	5.67	3.334	294.73	99
F	1.605	-1.97	139	0	59.92	-1.021	34.6	0.569	1833.73	99
F	0.175	-2.003	70	0	60	0	5.3	0.546	259.73	99
F	-1.091	-1.023	28	4.506	60	0	2.13	0.16	44.73	82
F	0.021	1.476	124	1.134	59.65	1.048	1.26	0.439	155.73	99
F	1.597	0.992	123	2.669	59.34	0	1.62	1.197	137.73	99
F	2.094	0.651	24	10.263	60	0	0.6	3.244	12.01	49
F	1.629	-6.263	97	0	60	0	4.04	0.606	355.73	99
F	1.043	-1.35	119	1.252	60	0	1.11	0.464	108.73	99
F	1.68	-0.509	141	1.422	59.88	0	0.8	0.955	64.73	99
F	0.125	-0.935	153	1.707	59.86	0.636	2.09	0.254	219.73	99
F	0.083	-2.827	55	1.368	60	0	1.57	0.664	76.73	99
F	0	-1.517	79	0	60	0	3.03	0.192	172.73	99
F	-0.109	1.403	48	0	59.39	0	0.68	0.648	23.75	61
F	-0.217	-1.948	45	6.601	58.55	-3.13	11.82	1.72	531.73	99
F	0.464	-0.047	62	1.784	60	0	0.93	1.364	43.73	81
F	0.539	-1.339	158	0	59.43	0	4.97	0.634	486.73	99
F	-1.069	-1.426	137	0	59.1	-3.655	16.46	0.632	2222.73	99
F	1.598	0.089	106	0	59.74	0	1.22	0.671	92.73	99
F	-0.467	-0.964	25	2.291	60	0	1.25	1.08	28.74	66
F	-0.582	-0.94	89	0	59.81	0	3.25	0.404	194.73	99
F	0.302	0.638	156	3.339	58.31	-10.753	0.58	1.305	86.73	99
F	0.759	-0.463	135	0	60	0	1.05	0.61	113.73	99
F	0.134	-4.525	55	1.243	60	0	3.86	0.495	200.73	99
F	-0.821	-2.642	83	0	60	0	7.63	0.412	335.73	99
F	-0.932	0.788	97	4.42	60	0	2.05	0.261	157.73	99
F	1.048	-1.397	48	3.9	60	0	5.85	0.1	169.73	99
F	-7.61	0.804	180	0	60	0	19.51	0.789	3335.73	99
F	2.405	-0.408	54	2.551	60	0	2.17	0.196	84.73	99
F	1.013	0.748	35	0	60	0	2.46	0.473	51.73	89
F	-2.228	-0.672	76	0	59.78	0	2.52	0.646	115.73	99
F	-1.47	-4.055	151	0	58.64	-4.791	17.52	0.671	1664.73	99
F	0.123	-1.095	64	0	57.8	-3.952	0.87	0.829	55.73	93
F	2.274	-0.465	95	0	59.82	-0.923	5.35	0.693	181.73	99
F	-0.531	1.942	77	7.125	54.3	-8.091	11.79	1.942	813.73	99
F	-0.378	-0.566	48	4.468	60	0	1.44	2.066	44.73	82
F	1.86	-0.055	248	0	59.63	0	0.51	0.816	73.73	99
F	0.217	-1.096	52	2.079	60	0	3.94	0.289	145.73	99
F	-0.126	-3.099	23	0	54.52	-3.745	8.59	0.392	171.73	99
F	-2.617	0.118	45	0	60	0	0.72	0.343	25.74	63
F	-0.184	0.44	53	1.987	60	0	2.91	1.609	107.73	99
F	-0.113	-0.306	16	0	60	0	1.07	0.33	13.91	51
F	-0.373	-1.763	111	0	59.78	0	0.85	0.804	71.73	99
F	-0.315	-0.692	86	0	60	0	1.01	0.546	82.73	99
F	-0.632	3.21	107	0	56.23	-8.546	5.07	0.744	496.73	99
F	-0.155	-1.974	49	0	60	0	1.19	0.283	41.73	79
F	-0.035	-2.557	88	5.211	60	0	1.38	0.122	78.73	99
F	0.224	-1.185	222	0	58.38	-4.44	0.39	0.627	34.73	72
F	1.27	-1.038	112	1.134	60	0	0.46	0.954	40.73	78
F	0.66	1.097	13	3.09	60	0	1.8	0.132	19.78	57
F	0.347	-5.243	161	1.869	60	0	2.22	0.462	324.73	99
F	-3.04	-0.517	99	0	53.26	-3.875	0.26	0.74	24.75	62
F	1.848	0.702	99	11.274	60	0	0.22	0.397	17.8	55
F	-1.739	-1.561	217	0	60	0.694	27.94	0.809	9645.73	99
F	0.589	-0.508	54	2	60	0	0.84	0.273	37.73	75
F	-0.459	1.292	105	0	60	0	0.67	0.506	70.73	99
F	-1.055	0.48	202	0.857	60	0	0.54	0.57	105.73	99
F	1.78	-0.212	20	0	60	0	6.12	0.188	85.73	99
F	0.605	-5.481	60	2.79	60	0	2	1.153	115.73	99
F	1.726	0.637	295	3.382	60	0	4.14	1.196	567.73	99
F	0.866	-1.763	40	2.087	60	0	3.4	1.7	115.73	99
F	-0.412	-0.136	44	1.9	60	0	4.61	0.275	133.73	99
F	-0.295	1.575	49	0	60	0	15.82	0.61	474.73	89
F	-1.869	-2.974	38	3.68	59.58	0.566	1.34	0.105	18.79	56
F	1.336	-1.54	69	12.126	59.73	0.667	1.17	0.043	45.73	83
F	-0.441	-1.841	22	0	60	0	1.22	0.404	26.74	64
F	1.968	-1.968	115	8.601	60	0	1.03	0.117	92.73	99
F	-0.9	-1.383	28	2.793	59.67	0	1.08	2.16	24.75	62
F	0.559	0.81	116	8.067	60	0	1.1	2.104	98.73	99
F	0.304	1.774	173	0	60	0	14.58	0.435	2186.73	99
F	1.753	2.689	173	3.692	59.91	-1.066	16.23	0.946	2563.73	99
F	1.014	0.996	120	0	59.98	0	1.34	0.728	137.73	99
F	1.66	-1.92	67	0	60	0	2.29	0.141	132.73	99
F	2.241	0.674	395	5.859	59.91	-0.979	18.82	1.026	5307.73	99
F	0.456	0.38	103	0	59.92	-2.916	0.56	0.404	54.73	92
F	0.407	-7.21	153	13.386	58.21	-9.975	3.35	0.117	461.73	99
F	1.146	-4.85	125	0.839	60	0	5.08	0.576	604.73	99
F	-0.053	-1.092	64	3.41	57.44	-3.863	0.53	1.065	32.73	70
F	2.711	-1.313	225	0	60	0	28.47	1.389	9971.73	99
F	-1.603	-0.453	291	1.065	59.98	0	0.44	0.807	84.73	99
F	0.087	-4.263	66	1.534	60	0	0.22	0.368	13.91	51
F	-1.811	-0.895	328	2.278	60	0	0.19	0.492	54.73	92
F	0.256	-1.175	38	0	60	0	2.02	0.646	66.73	99
F	-1.657	0	64	0	60	0	1.16	0.914	64.73	99
F	-0.414	1.803	50	0	60	0	29.69	0.733	2292.73	99
F	-0.028	-1.211	44	2.758	60	0	1.24	0.169	44.73	82
F	0.172	-0.294	100	0	60	0	0.3	0.487	23.75	61
F	-0.873	-2.143	81	0	56.71	-7.275	14.45	0.654	1040.73	99
F	-0.558	0.527	94	0	60	0	1.27	0.903	96.73	99
F	1.537	0.739	21	4.472	60	0	3.7	0.061	51.73	89
F	1.416	0.076	155	3.34	57.75	-10.623	0.7	1.373	101.73	99
F	-0.183	-1.709	41	0	58.41	-3.427	17.43	0.836	714.73	99
F	0.263	-0.458	48	5.935	60	0	3.28	2.655	91.73	99
T	1.238	-0.016	33	0	60	0	29.85	2.235	1281.73	99
T	-0.213	-0.837	82	0	59.86	0	35.6	0.914	1608.73	99
T	1.242	-1.007	47	0	60	0	31.95	1.371	1420.73	99
T	-0.319	0.705	9	0	60	0	34.13	2.303	204.77	21
T	0.386	-0.295	101	0	60	0	34.56	0.892	3352.73	99
T	0.179	-1.935	47	0	60	0	34.15	0.737	1536.73	99
T	-0.319	0.705	13	0	60	0	20.14	0.631	241.73	99
T	-1.451	-0.084	2	0	60	0	26.85	2.303	53.7	6
T	-0.205	0.984	79	7.846	60	0	13.39	1.819	990.73	99
T	0.917	0.296	36	0	60	0	8.66	1.244	207.73	99
T	-1.204	0.548	37	0	59.55	0	25.97	1.708	844.73	97
T	-0.948	-4.919	166	0	60	0	15.59	0.689	1855.73	99
T	-0.078	1.395	110	2.489	60	0	15.74	0.987	1731.73	99
T	-9.104	-1.218	366	0	60	0	20.16	0.67	6855.73	99
T	-0.863	0	14	0	60	0	27.91	0.473	390.73	90
T	0.616	-4.649	87	0	60	0	9.5	0.741	788.73	99
T	-1.167	0.145	30	0	60	0	33.2	0.257	922.82	17
T	-1.375	-0.492	46	10.098	60	0	14.21	0.033	511.73	99
T	2.235	-1.618	195	0	60	0	29.95	2.215	8316.73	99
T	0	-0.557	19	6.99	60	0	11.88	4.407	118.75	23
T	-1.213	0.309	84	4.717	60	0	17.2	1.27	1375.73	99
T	4.279	-1.505	11	0	60	0	33.16	2.494	364.73	33
T	0.748	-0.001	16	0	60	0	18.05	0.223	270.73	99
T	-1.208	-1.039	199	0	60	-0.844	27.37	0.811	7901.73	99
T	-1.783	-1.424	28	2.796	60	0	12.44	2.115	261.14	69
T	-1.645	-1.036	6	0	60	0	9.46	0.693	56.73	94
T	1.996	-2.233	75	0	60	0	3.94	0.791	263.73	99
T	-0.61	-0.918	84	0	60	-7.329	28.71	1.497	2960.73	99
T	2.465	0.728	20	10.17	60	0	16.91	3.737	236.73	99
T	-1.25	-1.147	72	0	60	0	11.17	0.624	692.73	99
T	-0.174	0.085	44	0	52.45	-2.127	30.71	1.609	1740.73	99
T	0	0.625	21	1.808	60	0	12.37	1.104	259.73	99
T	-0.591	0	337	0	59.4	0	29.24	0.823	12206.7	99
T	0.839	-11.095	7	0	60	0	31.97	4.174	223.77	21
T	0.121	-2.412	75	0	60	0	33.48	2.4	2744.73	99
T	1.545	1.65	77	0	60	0	29.21	0.772	2841.73	99
T	0.497	0	9	0	60	0	12.53	0.804	112.73	64
T	2.025	-0.359	30	0	60	0	33.01	0.914	746.73	54
T	1.068	0.345	10	0	60	0	31.95	3.258	403.74	30
T	-0.967	-0.21	4	0	60	0	30.42	1.179	127	12
T	2.287	-0.486	112	0	60	0	28.17	1.061	5341.73	99
T	-1.115	-0.531	55	2.354	60	0	19.12	0.407	1051.73	99
T	0.519	0.144	181	4.554	60	0	21.26	0.74	3507.73	99
T	0.121	-2.412	74	0	60	0	34.91	1.257	2548.73	99
T	1.168	-0.223	154	4.891	60	0	17.38	1.179	2485.73	99
T	-1.287	-0.136	74	0	60	0	22.69	0.73	1474.73	49
T	0.359	-1.711	4	0	60	0	33.5	3.258	134	12
T	1.65	-0.171	115	0.751	60	0	19.24	0.804	2154.73	99
T	0.594	2.227	65	0	60	0	22.82	0.593	1437.73	99
T	0.494	-0.412	83	0.891	60	0	16.31	0.568	1337.73	99
T	0.517	-4.405	146	0	60	-0.873	27.35	2.964	6626.73	99
T	0.122	-1.165	58	8.397	60	0	12.56	2.247	602.73	99
T	-0.078	1.395	12	0	60	0	30.23	1.445	362.73	36
T	1.223	-1.568	12	0	60	0	31.98	3.442	351.73	33
T	-1.971	-1.269	156	0.639	60	0	22.98	0.804	3423.73	99
T	0.985	-1.588	51	0	60	0	9.15	1.022	356.73	99
T	1.603	1.141	210	4.053	60	0	24.63	0.984	7924.73	99
T	0.971	0.928	20	0	60	0	29.16	1.127	709.73	60
T	0.027	1.414	50	4.041	60	0	33.62	2.67	1496.9	14
T	0.594	0.872	57	4.746	60	0	21.54	0.247	1098.73	99
T	-0.199	-1.544	21	0	60	0	22.14	0.61	442.73	99
T	0.553	-0.109	11	0	60	0	14.07	0.551	154.73	99
T	-1.465	-0.949	24	0	60	0	33.74	4.091	809.73	72
T	1.594	1.585	79	3.866	60	0	17.09	1.322	1298.73	99
T	0.132	-1.07	105	1.773	60	0	20.44	0.519	2145.73	99
T	1.856	-0.281	13	0	60	0	30.39	1.445	364.73	36
T	0.523	-2.251	94	0.92	60	0	21.94	0.831	1930.73	99
T	-0.662	-1.375	132	0	60	0	34	0.976	4058.73	99
T	0.856	1.535	82	0	60	0	26.69	0.906	1894.73	99
T	-0.809	-1.811	152	3.492	60	0	13.02	0.379	1705.73	99
T	0.667	0.48	115	0	60	0	18.89	0.642	1605.73	99
T	-0.967	-0.21	93	0	60	0	27.52	0.765	3767.73	99
T	-0.217	0.697	153	0	60	0	26.33	1.334	6827.73	99
T	1.791	-1.063	151	0	60	0	14.76	0.744	2199.73	99
T	0.63	-1.155	144	11.145	60	0	12.34	1.527	1640.73	99
T	-0.117	-0.395	63	0	59.97	-1.109	7.68	0.61	391.73	99
T	1.101	2.61	51	3.553	60	0	12.08	1.431	434.73	99
T	2.314	0.432	200	0	60	0	27.77	1.586	8672.73	99
T	1.483	-0.028	27	0	60	0	12.06	0.317	325.73	99
T	0.971	0.928	120	0	60	0	28.68	1.131	4683.73	99
T	0.89	1.382	103	0	60	0	17.56	5.136	210.74	27
T	-1.036	0.189	149	0	60	0	32.59	1.574	5904.73	99
T	0.889	-3.307	24	3.741	60	0	11.53	1.584	276.73	99
T	-1.403	1.198	22	0	60	0	27.22	3.056	692.94	13
T	-0.213	-0.837	95	0	60	0	34.93	0.982	3213.73	99
T	2.827	0.993	307	0	59.92	0	26.48	2.956	10918.7	99
T	-0.523	0.694	55	0	60	0	26.07	1.101	1975.73	94
T	1.504	0	59	0	60	0	28.72	0.457	2380.73	99
T	0.467	0.046	197	0	60	0	28.87	0.948	6833.73	99
T	0.39	-1.3	2	0	60	0	26.85	0.693	53.7	6
T	-0.839	-0.632	52	0	60	0	33.84	1.244	1759.73	99
T	-0.571	0.765	8	0	60	0	28.47	3.912	170.8	18
T	0.853	0.323	38	0	60	0	26.15	2.694	810.73	93
T	-0.335	-1.676	229	0	55.38	0	29.26	1.159	5925.73	99
T	-2.718	2.397	92	1.662	60	0	17.23	0.535	1584.73	99
T	-0.892	-0.74	51	0	60	0	29.84	1.157	1854.73	99
T	-0.134	1.833	125	0.683	60	0	10.57	0.612	1268.73	99
T	1.005	1.242	63	1.084	60	0	8.25	0.885	453.73	99
T	2.426	-0.48	201	0	59.95	0	24.84	1.173	7729.73	99
T	1.589	0.011	156	0	60	0	33.55	1.112	4897.73	99
T	0	-0.431	3	0	60	0	14.58	1.179	43.73	79
T	-0.104	-1.366	90	0	60	0	30.27	1.413	3518.73	45
T	1.991	1.125	46	0	60	0	30.83	0.467	1592	12
T	-1.213	-0.506	90	0	60	0	19.64	0.602	1590.73	99
T	4.897	-0.592	82	0	59.8	0	13.1	0.786	1034.73	99
T	-2.186	1.392	145	0	60	0	30.17	1.155	6720.73	99
T	-1.482	-1.149	39	0	60	0	22.4	0.473	716.73	43
T	-1.253	-0.91	56	0	60	0	2.32	0.495	62.73	99
T	-1.323	2.989	138	2.243	60	0	17.72	0.503	2391.73	99
T	0.898	-0.286	104	17.257	60	0	16.01	0.304	1488.73	99
T	1.203	1.028	353	0	60	0	29.04	1.445	10162.7	99
T	0.862	0.517	3	0	60	0	32.75	1.179	98.25	9
T	1.418	0.309	73	1.071	60	0	7.78	0.468	474.73	99
T	0.515	-1.706	10	0	60	0	34.97	3.258	349.73	33
T	-0.291	-0.704	25	0	60	0	32.21	2.494	1036.73	72
T	0.262	-1.68	43	0	60	0	28.13	1.259	1534.73	99
T	-0.119	-0.608	134	2.576	59.71	0	17.82	1.002	2263.73	99
T	-0.398	-2.578	89	2.133	60	0	15.23	0.469	1248.73	99
T	-0.523	-1.364	159	0	60	0	31.5	1.1	5759.73	99
T	-0.102	0.118	135	0	60	0	31.37	1.301	5108.73	99
T	0.428	1.681	114	9.579	60	0	14.89	1.616	1697.73	99
T	1.041	0.504	42	0	60	0	31.14	2.038	1798.73	99
T	0.444	0.748	47	0	59.59	0	34.57	3.912	887.73	69
T	2.029	0.475	301	0	60	0	26.04	0.646	7630.73	99
T	0.377	-0.181	52	1.083	59.89	0.911	15.66	0.822	798.73	99
T	1.775	-0.243	118	3.719	60	0	11.57	1.503	1052.73	99
T	1.632	-1.345	123	2.303	60	0	25.49	0.405	2319.73	99
T	2.403	1.609	14	0	60	0	31.1	2.303	491.73	35
T	-1.302	-0.241	204	0	59.85	0	27.64	1.571	6989.73	99
T	0.247	-0.983	108	8.578	60	0	30.01	0.065	3595.73	82
T	0.71	-0.385	57	0	60	0	36.6	1.047	2467.73	99
T	2.298	0.437	14	0	60	0	33.56	4.804	401.74	30
T	2.734	1.773	52	4.67	60	0	13.44	0.227	631.73	99
T	0.284	-0.733	40	0	60	0	12.26	0.61	367.73	99
T	0.747	0.531	9	0	60	0	30.46	0.892	350.73	33
T	-0.769	0.353	97	0	60	0	34.33	3.706	2437.73	99
T	-1.198	-0.126	112	3.424	59.85	0	30.37	0.553	4401.73	99
T	-1.058	-0.73	71	0	60	0	28.01	1.044	2734.73	92
T	1.106	0.86	2	0	60	0	15.35	0.693	30.71	6
T	-0.59	-2.984	85	3.553	60	0	8.64	1.254	725.73	99
T	2.672	-1.268	184	2.407	60	0	29.03	1.225	6607.73	99
T	0.26	0.117	106	14.923	60	0	19.06	2.187	1943.73	99
T	0.573	-1.426	4	0	60	0	20.42	2.833	61.25	9
T	1.075	-1.203	7	0	60	0	34.11	1.609	238.77	21
T	1.534	-1.523	190	0	60	0	29.4	0.915	7028.73	99
T	-0.165	0.319	89	0	60	0	16.85	0.678	1263.73	99
T	-0.642	-0.77	28	0	60	0	11.31	0.693	248.73	99
T	0.569	0.337	80	0	59.92	0	29.29	2.4	2628.73	99
T	3.02	1.888	142	5.585	60	0	16.06	1.167	1958.73	99
T	-0.795	-0.296	6	0	60	0	30.97	1.329	185.8	18
T	-0.998	-2.02	80	0	60	0	16.27	0.548	992.73	99
T	2.745	-0.499	116	11.654	60	0	16.03	1.776	1730.73	99
T	-1.434	-0.182	98	0.992	59.95	-0.971	9.7	0.569	717.73	99
T	1.911	-0.978	36	0	60	0	15.87	0.859	523.73	99
T	-0.872	-0.366	11	2.73	60	0	6.77	0.169	67.73	99
T	0.975	-1.09	356	0	60	0	32.27	0.258	15399.7	99
T	-0.565	0.242	175	0	60	0	32.73	1.516	6997.73	99
T	1.068	-0.366	69	8.365	60	0	17.25	0.577	1155.73	99
T	-0.133	-1.546	40	1.418	60	0	26.29	1.162	1051.73	99
T	1.587	-0.311	15	0	60	0	28.72	3.912	573.73	42
T	2.194	-0.791	222	0	60	0	32.53	1.212	9278.73	99
T	-1.645	-1.645	26	0	60	0	34.3	4.255	891.73	78
T	-0.249	-0.013	99	0	60	0	26.27	0.693	4116.73	99
T	-2.103	0.187	51	1.372	60	0	12.62	0.436	605.73	99
T	0.368	0.324	206	0	59.94	0	32.69	1.685	8733.73	99
T	1.634	0.338	85	1.93	59.67	-1.206	22.28	0.963	1782.73	99
T	0.342	1.798	33	5.465	60	0	6.87	2.139	226.73	99
T	0.235	0	29	0	59.42	0	24.19	1.179	483.73	99
T	1.046	0.193	132	0	60	0	28.96	0.708	4838.73	99
T	0.38	0.839	26	0	60	-3.823	30.76	0.776	811.73	72
T	0.402	0.42	10	0	60	0	27.09	4.407	216.75	24
T	1.785	-2.679	2	0	60	0	19.35	2.303	38.7	6
T	0.273	-1.772	31	0	60	0	13.11	1.051	314.73	99
T	0.263	0.145	25	0	60	0	29.27	1.23	614.73	99
T	0.185	1.396	83	0	59.98	0	31.21	2.235	1615.73	99
T	-0.17	-1.075	98	0	60	0	25.04	0.714	3413.73	99
T	-0.153	2.517	18	2.218	60	0	23.93	1.802	406.73	99
T	-2.099	-0.833	83	0	60	0	30.3	1.165	3554.73	99
T	-0.25	1.109	190	0	59.89	0	27.47	5.846	5921.73	99
T	-0.133	0.74	202	0	60	0	33.4	0.976	8563.73	99
T	-1.946	-0.848	55	1.957	60	0	21.95	1.402	987.73	37
T	0.436	-3.358	75	0	60	0	11.54	0.776	853.73	99
T	-1.3	0.112	88	0.981	60	0	13.27	0.935	1127.73	99
T	0.649	1.779	2	0	60	0	26.85	2.303	53.7	6
T	-1.712	-0.419	14	0	60	0	34.62	2.303	484.73	42
T	-0.973	-0.178	44	3.062	60	0	17.79	0.299	782.73	99
T	1.438	-0.497	66	7.955	60	0	20.5	0.105	1188.73	99
T	-1.043	-1.274	51	0	60	0	33.32	1.421	1632.73	99
T	3.049	1.559	46	5.519	60	0	19.09	1.755	820.73	99
T	-0.696	-0.308	25	0	60	0	18.42	0.582	423.73	99
T	0.699	-1.047	40	0	60	0	15.09	0.452	603.73	99
T	3.542	-0.204	25	0	60	0	29.84	3.716	596.73	60
T	0.179	-1.935	207	5.006	60	0	17.77	0.534	3429.73	99
T	-1.894	0.29	200	5.265	59.97	0	13.03	1.057	2540.73	99
T	-0.603	-0.735	11	0	60	0	33.91	4.977	421.73	39
T	1.273	0.998	18	6.264	60	0	9.88	2.833	108.73	99
T	-0.486	0.02	48	1.546	60	0	4.41	0.364	158.73	99
T	-0.642	-0.77	11	0	60	0	29.31	3.442	457.73	33
T	0.513	0.297	61	0	60	0	34.04	2.885	1497.73	92
T	-1.231	0.106	53	0	60	0	29.88	1.828	1314.73	99
T	2.517	0.712	103	1.719	60	0	20.13	0.481	1972.73	99
T	1.665	-0.071	42	0	60	0	12.37	0.892	259.73	99
T	-0.293	1.146	64	2.574	59.74	1.901	13.06	2.066	391.73	30
T	1.693	1.491	89	7.278	59.67	0	14.64	0.835	834.73	99
T	-0.494	-0.748	42	0	54.43	0	30.84	3.003	1468.73	99
T	-0.61	-0.918	139	0	60	-7.329	32.07	2.093	4168.73	99
T	-0.162	0.389	117	4.652	59.58	-2.099	20.9	0.379	2445.73	99
T	-0.935	-0.307	12	0	60	0	14.73	0.269	176.73	99
T	0.149	0.588	97	0	60	0	31.74	1.634	4238.73	99
T	0.953	0.273	4	0	60	0	31	3.258	124	12
T	1.508	0.307	85	0	60	0	29.03	1.981	3021.73	99
T	1.104	0.74	11	0	60	0	27.92	1.609	369.74	30
T	-1.102	-0.433	77	0	60	0	30.29	0.774	2748.73	99
T	-1.654	-1.535	107	0	59.63	-1.833	19.05	0.764	1809.73	99
T	0.582	-0.213	121	0	60	0	32.29	0.818	4370.73	99
T	0.758	-1.939	46	2.926	60	0	17.64	0.33	758.73	99
T	1.42	-0.196	218	0	60	0	31.04	0.79	7159.73	55
T	-0.808	0.573	83	1.281	60	0	22.34	0.476	1407.73	99
T	-1.778	-0.694	111	2.558	60	0	14.56	0.555	1543.73	99
T	0.398	-1.601	112	1.607	60	0	16.84	0.521	1835.73	99
T	0.348	1.373	88	0	60	0	33.38	0.863	3197.73	99
T	0.412	0.765	20	7.16	60	0	14.9	0.042	193.73	99
T	0.962	2.166	111	0	60	-0.887	24.46	4.781	3337.73	99
T	1.852	-0.145	28	10.837	60	0	15.03	0.353	360.73	99
T	1.508	0.307	11	0	60	0	29.56	3.442	457.73	33
T	0.663	-2.056	160	2.001	60	0	22.7	0.883	3586.73	99
T	-0.373	-0.173	54	1.102	60	0	22.09	0.91	1104.73	99
T	0.757	0.51	143	3.423	60	0	9.35	1.041	1093.73	99
T	1.046	0.193	253	0	60	0	29	1.429	10819.7	99
T	0.94	0.842	163	0.66	60	0	24.46	0.776	3693.73	99
T	-0.141	1.498	243	0	60	0	31.98	0.967	6472.73	99
T	0.915	1.469	83	1.863	60	0	17.13	0.978	1370.73	99
T	1.398	-1.773	17	0	60	0	22.98	0.446	390.73	99
T	0.284	-0.733	87	0	60	0	32.49	0.693	3168.73	99
T	0	-0.792	27	1.674	60	0	17.61	0.269	422.73	99
T	0.971	0.928	148	0	60	0	30.4	1.186	6511.73	99
T	0.189	-1.369	86	0	60	0	32.76	1.329	3059.73	99
T	1.65	-2.769	88	0	60	0	34.33	0.883	1850.73	99
T	0.436	0.627	9	0	60	0	32.47	1.863	259.75	24
T	-0.65	-1.647	128	0	60	0	30.77	1.524	3322.73	99
T	1.026	-7.682	297	6.397	60	0	8.44	0.443	2438.73	99
T	0.835	-1.012	97	2.887	60	0	13.17	0.686	1264.73	99
T	1.494	-0.528	95	3.961	60	0	17.03	0.378	1566.73	99
T	0.198	-1.005	96	6.93	60	0	14.55	0.26	1352.73	99
T	-0.812	0.137	110	0	60	-0.05	25.38	1.641	3098.73	99
T	-0.839	1.75	62	0	60	0	32.87	1.143	2283.73	99
T	4.279	-1.505	74	0	60	0	27.28	1.451	2490.73	99
T	1.587	-0.311	338	0	59.87	0	32.55	1.026	11871.7	99
T	1.593	0.464	12	3.522	60	0	17.86	2.303	160.73	99
T	0.319	0.674	9	0	60	0	30.34	2.833	242.76	22
T	-0.866	-0.068	50	15.25	60	0	9.26	3.486	379.73	99
T	0.068	-0.237	131	1.575	59.64	0	5.25	0.314	409.73	99
T	-1.545	-0.594	183	2.606	58.96	-4.211	18.19	0.693	1800.73	99
T	0.583	0.976	55	0	60	-0.79	24.15	0.931	2430.73	99
T	-5.882	-2.079	133	0	60	0	27.87	0.845	4412.73	99
T	1.496	-4.431	145	3.638	60	0	27.81	2.344	4942.73	99
T	0.444	0.748	177	2.707	60	0	16.55	0.496	2896.73	99
T	0.261	0.878	85	0	60	0	6.59	0.674	546.73	99
T	-0.297	-0.156	35	1.817	60	0	15.16	1.189	530.73	99
T	-0.169	-1.388	137	0.76	60	0	26.08	0.555	2842.73	99
T	1.323	-0.016	85	2.881	60	0	33.45	0.208	2776.73	99
T	-0.175	-1.323	394	2.679	60	0	5.89	0.855	1785.73	99
T	1.285	-0.707	358	0	60	0	33.72	0.836	15492.7	99
T	1.303	-0.947	59	2.143	60	0	17.09	1.532	734.73	99
T	0.277	-0.534	259	0	60	0	31.63	0.778	12775.7	99
T	0.02	0.143	28	0	60	0	32.43	1.382	1085.73	84
T	2.355	3.141	115	0	60	0	33.64	1.029	4552.73	99
T	-2.189	-0.637	11	0	60	0	10.97	1.085	109.73	92
T	1.629	0.216	389	0	59.85	0	32.86	0.761	14111.7	99
T	2.443	-1.763	3	0	60	0	32.75	1.179	98.25	9
T	-1.712	-0.419	131	0	60	0	33.01	0.79	5126.73	99
T	0.971	-0.701	63	0	60	0	29.57	1.123	2271.73	99
T	0.937	3.607	34	3.724	59.51	1.226	17.2	2.215	567.73	99
T	0.396	-0.608	21	1.808	60	0	14.65	1.276	307.73	99
T	-0.133	0.74	46	1.238	60	0	8.73	1.061	357.73	99
T	-0.845	-0.44	33	1.576	60	0	21.99	0.43	593.73	99
T	0.763	1.116	77	0	60	0	29.21	1.545	2073.73	99
T	-0.166	2.053	30	1.828	60	0	20.71	1.508	517.73	99
T	1.101	2.61	128	0	60	0	26.03	1.085	5400.73	99
T	0.097	-0.847	46	0	60	0	28.17	0.551	1566.73	86
T	2.445	0.02	72	2.967	60	0	32.92	0.171	2040.73	99
T	0.007	-2.166	13	0	60	0	30.48	3.611	365.73	36
T	-1.006	0.842	7	0	60	0	12.96	1.022	90.73	91
T	1.624	1.428	38	0	60	0	34.64	0.892	865.73	61
T	0.271	2.578	115	3.808	60	0	14.14	0.385	1470.73	99
T	0.078	-1.793	9	0	60	0	34.3	3.056	308.74	30
T	-1.722	-0.64	109	5.189	60	0	19.21	0.333	1978.73	99
T	-1.126	-1.071	48	0	59.56	0	31.13	3.545	1396.73	99
T	0.161	-1.471	69	0	60	0	28.94	0.784	2877.73	99
T	0.662	-0.411	63	0	60	0	35.49	1.179	2462.73	99
T	1.824	0.801	273	4.39	60	0	14.82	0.433	3096.73	99
T	-0.139	-3.405	10	0	60	0	30.88	1.609	374.74	30
T	0.821	0.361	97	0	60	0	33.16	0.802	3149.73	99
T	-0.022	1.051	142	1.451	60	0	16.68	0.537	2284.73	99
T	0.44	-2.205	84	6.686	60	0	24.33	2.649	1897.73	99
T	-2.013	-1.997	109	0	60	0	34.07	2.811	3474.73	99
T	-0.041	-1.435	139	3.885	60	0	27.69	2.5	3488.73	99
T	-1	-0.16	69	0	60	0.127	28.63	2.973	2794.73	99
T	-2.033	-1.405	34	0	60	0	32.86	4.615	295.74	29
T	0.647	-7.262	82	0	60	0	37.99	0.781	2654.73	99
T	0.269	-0.823	110	0	60	0	30.57	2.12	2659.73	99
T	0.757	-1.352	75	18.963	60	0	13.6	0.544	788.73	99
T	-0.489	-0.914	117	7.77	60	0	12.27	0.971	1361.73	99
T	-1.36	0.309	56	0	60	0	33.76	0.841	1890.73	99
T	-0.078	1.11	116	1.955	60	0	32.67	0.372	3662.73	88
T	-0.194	0.395	186	0	60	0	29.25	1.927	6781.73	99
T	0.22	0.126	140	0	59.93	0	19.02	1.017	1883.06	11
T	-0.417	-0.109	39	0	60	0	13.28	0.536	517.73	99
T	-0.992	0.07	192	0	60	0	28.35	1.405	5018.73	99
T	1.703	0.594	45	0	60	-0.578	29.78	1.88	1652.73	99
T	-0.168	0.955	34	0	60	0	37.93	1.609	1505.73	99
T	-1.335	-1.829	134	5.793	60	0	19.7	0.309	2482.73	99
T	2.235	-1.618	193	0	59.98	0	23.88	2.177	8125.73	99
T	0.806	-0.27	59	0	60	0	28.36	1.101	2447.73	99
T	1.122	-2.068	31	0	59.58	0	34.56	1.179	967.73	84
T	0.626	-0.352	105	0	59.71	0	28.73	0.714	3015.73	99
T	-1.011	-0.854	104	0.871	60	0	17.76	0.536	1367.73	99
T	2.174	1.61	30	0	60	0	26.98	3.767	350.73	99
T	-0.856	0.337	185	8.324	60	0	19.37	0.316	3176.73	99
T	-0.514	-0.414	8	0	60	0	9.22	0.368	73.73	99
T	-0.474	-2.401	110	0	60	0	11	0.749	1132.73	99
T	0.279	-2.178	163	0	60	0	32.37	1.684	6295.73	99
T	-0.318	0.526	162	1.322	60	0	14.88	0.818	2380.73	99
T	0.725	0.79	63	0	60	0	24.61	1.536	2263.73	99
T	0.063	-3.948	63	12.559	60	0	11.32	2.357	667.73	99
T	1.944	-0.473	86	0	60	0	32.93	1.013	2831.73	99
T	1.715	0.338	88	0	60	0	27.19	1.721	3122.73	99
T	1.084	2.953	198	0	60	0	33.69	1.265	7601.73	99
T	-0.078	-1.238	28	0	54.1	0	26.21	1.382	1001.73	84
T	0.018	-1.563	181	1.279	60	0	19.84	0.576	3571.73	99
T	-2.216	1.169	224	8.205	60	0	15.34	0.345	3205.73	99
T	1.764	0.048	19	0	60	0	27.78	5.784	677.73	51
T	2.332	-1.083	206	1.162	59.97	0	11.28	0.572	2300.73	99
T	-2.064	-1.367	174	0	60	0	34.56	2.288	6210.73	99
T	-0.134	-2.361	105	2.67	60	0	12.22	0.467	1172.73	99
T	0.402	3.154	58	2.955	60	0	19.64	0.307	1099.73	99
T	0.297	-0.976	121	0.748	60	0	10.46	0.56	1129.73	99
T	-0.188	-1.225	213	0	60	0	29.7	0.505	6147.73	99
T	0.535	0.665	57	0	60	0	25.09	0.853	1354.73	99
T	3.02	0.467	65	5.321	60	0	11.36	1.732	715.73	99
T	1.536	-0.152	242	0	60	0	17.1	0.66	3967.73	99
T	1.292	0.135	9	0	59.57	0	5.97	0.818	47.73	85
T	1.515	-1.042	13	0	60	-1.547	28.31	1.445	339.73	36
T	-0.568	-1.867	57	0	59.7	-1.402	14.83	0.693	830.73	99
T	-0.452	1.952	7	0	60	0	31.09	2.584	270.77	21
T	-0.763	0.135	73	28.915	60	0	20.97	1.115	1383.73	99
T	1.33	0.319	125	0	60	0	28.11	0.981	4552.73	99
T	0.297	-0.976	4	0	60	0	26.44	3.258	143	12
T	-0.839	1.75	59	0	60	0	28.8	1.302	2046.73	99
T	-1.645	-1.645	5	0	60	0	16.55	0.223	82.73	96
T	4.823	0.096	45	0	60	0	34.53	0.737	1553.73	99
T	-0.266	-1.222	34	0	60	0	17.86	0.434	553.73	99
T	0.306	1.014	60	3.441	60	0	30.82	0.595	2224.73	99
T	0.129	-5.67	146	0.617	60	0	19.03	0.775	2759.73	99
T	1.335	-0.038	77	0	60	0	30.54	1.644	3072.73	99
T	-0.466	-1.365	39	0	60	0	22.33	1.214	736.73	99
T	0.301	-0.007	117	3.627	60	0	14.51	0.325	1479.73	99
T	0.763	1.116	83	0	60	0	27.96	2.038	2040.73	99
T	-0.072	-3.191	46	3.093	60	0	17.93	0.685	591.73	99
T	0.459	0.842	92	0	60	0	16.1	0.696	1271.73	99
T	2.554	-2.182	99	0	59.95	0	28.32	1.112	1425.73	88
T	0.312	-2.386	57	0	60	0	10.88	0.656	576.73	99
T	1.576	-3.255	159	0	60	0	30.41	0.885	3344.73	99
T	-0.062	0.143	150	3.64	60	0	21.06	1.068	2843.73	99
T	-0.346	-0.695	93	0	60	0	19.66	0.746	1788.73	99
T	2.76	-1.827	164	0.579	60	0	17.18	0.612	2817.73	99
T	0.091	0.408	274	3.928	60	0	17.05	0.482	3903.73	99
T	-0.324	0.167	115	16.343	60	0	15.93	0.14	1624.73	99
T	0.527	-0.948	401	2.744	60	0	17.2	0.851	6724.73	99
T	-0.796	0.445	108	0	59.34	-0.202	28.95	5.353	2790.73	99
T	-0.842	-1.834	10	3.979	60	0	12.62	2.225	75.73	99
T	-0.903	1.117	101	0	60	0	27.67	1.705	4014.73	99
T	2.732	2.721	113	0	60	0	29.15	1.029	4504.73	99
T	-5.882	-2.079	198	1.125	60	0	19.18	0.598	3740.73	99
T	-0.494	-0.748	39	1.36	60	0	18.74	1.022	730.73	99
T	0.39	-1.3	149	2.15	60	0	17.24	0.884	2448.73	99
T	0.184	-0.015	196	0	60	0	31.13	1.053	6992.73	99
T	0.853	0.323	72	14.354	60	0	19.28	2.314	1368.73	99
T	1.896	0.949	169	14.513	60	0	17.87	1.601	2912.73	99
T	0.861	-0.919	28	0	60	0	34.98	5.136	419.73	99
T	0.63	-1.155	98	0	60	0	30.25	1.994	3435.73	99
T	-0.528	-0.973	60	0	60	0	20.41	0.437	1183.73	99
T	-2.144	0.201	35	0	60	0	23.82	1.418	1231.73	99
T	0.284	1.302	51	1.606	59.67	0	20.81	1.127	582.73	99
T	1.4	-0.189	118	6.761	60	0	17.14	1.367	1988.73	99
T	1.285	2.364	354	0	59.92	0	33.77	0.979	15348.7	99
T	5.441	2.217	44	0	60	0	30.07	3.467	1645.73	99
T	0.241	-1.18	2	0	60	0	24.35	2.303	48.7	6
T	-0.594	-0.906	192	0	60	0	29.91	1.408	8195.73	99
T	2.003	1.294	176	0	59.85	-0.256	21.07	0.56	2991.73	71
T	0.234	0.687	130	0.695	60	0	12.59	0.816	1573.73	99
T	-0.276	1.279	48	0	60	0	33.45	1.931	1680.73	99
T	0.959	-4.513	138	0.688	60	0	16.38	0.608	1916.73	99
T	1.408	2.098	192	3.312	60	0	18.54	0.498	3466.73	99
T	0.456	0.073	202	0	60	0	32.2	0.852	9006.73	99
T	0.468	0.93	15	0	60	0	11.78	0.527	176.73	99
T	1.741	2.601	46	3.089	60	0	27.86	1.009	1058.73	99
T	1.508	0.307	184	0	60	0	30.82	1.723	5270.73	99
T	1.816	0.797	181	0	59.89	-1.111	27.91	1.891	5983.73	99
T	1.092	-0.047	18	2.112	60	0	9.93	1.329	178.73	99
T	2.167	0.953	163	0	60	0	27.89	0.758	6999.73	99
T	-0.461	0.305	99	0	59.75	-2.418	29.03	5.486	1281.73	99
T	-0.123	-0.901	27	0	60	0	32.15	3.528	803.73	75
T	0.198	-10.564	134	0.662	60	0	20.92	0.611	2635.73	99
T	-0.643	-0.83	22	2.522	60	0	16.9	0.877	219.73	55
T	-1.804	0.101	4	0	60	0	33.08	1.179	99.25	9
T	-1.061	-1.159	32	0	60	0	15.25	1.075	228.73	99
T	-5.054	0.453	60	5.599	60	0	16.15	1.46	952.73	99
T	0.782	-2.963	135	0	59.96	0	21.63	0.659	2725.73	99
T	0.721	-0.111	188	0	60	0	32.06	0.769	6455.73	99
T	-0.139	-3.405	7	0	60	0	28.66	3.912	219.8	18
T	0.227	-0.977	100	0	60	-6.814	29.54	1.202	3625.73	99
T	1.3	1.421	46	0	60	0	34.71	1.055	1492.73	99
T	-0.44	2.571	31	0	60	0	31.55	2.694	1115.73	93
T	0.189	-1.369	71	0	60	0	16.96	0.824	1000.73	99
T	-0.347	-0.124	141	0	60	0	28.14	0.77	6087.73	99
T	1.37	-0.909	117	0	60	0	34.97	2.364	4335.73	99
T	-0.56	1.209	118	4.564	60	0	26.68	2.921	2907.73	99
T	1.229	-0.275	490	0.995	60	0	19.36	0.914	6077.73	99
T	-0.822	0.027	32	0	60	0	32.37	0.957	1035.73	96
T	1.715	0.338	67	0	60	0	16.5	0.934	1072.73	99
T	0.375	-0.571	14	0	60	0	20.97	4.407	167.75	24
T	3.979	0.497	82	1.043	60	0	17.22	0.945	1394.73	99
T	-0.98	1.045	126	0	60	0	34.51	0.873	5426.73	99
T	-0.51	-0.599	99	0.89	60	0	21	0.735	1532.73	99
T	1.02	0.409	112	0	60	0	29.07	0.83	3954.73	99
T	2.382	1.988	56	4.767	60	0	27.74	0.25	1414.73	99
T	1.785	-0.308	121	0	60	0	28.03	1.112	2998.73	99
T	-1.638	0.32	81	11.366	59.92	0	19.49	1.498	1539.73	99
T	1.419	0.987	75	0	60	0	18.39	0.736	1360.73	99
T	-0.696	-2.446	10	0	60	0	32.69	1.402	331.74	27
T	-1.02	0.365	77	3.093	60	0	10.1	0.091	565.73	99
T	2.287	-0.486	42	0	60	0	6.68	0.804	280.73	99
T	2.403	1.609	97	10.266	60	0	19.6	1.851	1900.73	99
T	0.13	-1.14	54	4.281	60	0	13.03	1.387	664.73	99
T	-0.282	-0.156	75	0	60	0	26.15	1.931	2002.73	99
T	-0.24	-1.538	133	0	60	0	23.98	1.196	5691.73	99
T	5.441	2.217	133	0	60	0	29.71	0.739	4849.73	99
T	-1.465	-0.949	9	0	60	0	14.84	0.693	118.73	99
T	1.806	0.127	78	1.606	59.59	0	6.61	1.151	389.73	99
T	2.382	1.988	120	0	60	0	26.64	1.779	4495.73	99
T	0.262	-1.68	66	0	60	0	33.22	1.574	2512.73	99
T	0.868	-0.309	51	0	60	-6.041	34.16	0.909	1673.73	99
T	-0.347	-0.124	23	0	60	0	8.04	0.197	160.73	99
T	-2.957	-0.396	38	0	59.43	0	28.41	3.477	880.73	93
T	0.123	-0.987	368	0	60	0	26.77	0.565	15509.7	99
T	-0.684	-5.291	130	0.784	60	0	20.32	0.81	2641.73	99
T	-0.078	-1.238	29	0	60	0	32.19	2.833	982.73	87
T	2.224	0.161	75	0	59.41	-3.258	15.67	0.663	971.73	99
T	2.174	1.61	30	0	60	0	26.98	3.767	350.73	99
T	1.748	-2.973	3	0	60	0	22.08	2.833	66.25	9
T	-2.886	-0.614	164	0	60	0	31.79	1.329	7162.73	99
T	-0.174	0.085	44	0	52.45	-2.127	30.71	1.609	1740.73	99
T	-4.438	0.148	83	5.888	60	0	17.25	1.397	1414.73	99
T	-0.358	-1.638	62	2.541	60	0	10.99	1.2	527.73	99
T	5.314	-1.016	170	0	60	0	13.78	0.699	2245.73	99
T	1.852	-0.145	151	0	60	0	29.24	1.187	5217.73	99
T	-0.047	-1.133	81	0	60	0	32.03	1.639	2562.73	99
T	-1.042	-1.232	49	0	60	0	29.74	0.693	1110.73	85
T	0.62	-2.989	92	2.809	59.9	0	19.24	1.27	1673.73	99
T	2.883	0.346	13	0	60	0	32.25	1.802	354.73	33
T	0.974	0.156	14	0	60	0	31.77	5.283	494.73	99
T	0.497	0.054	97	2.291	60	0	31.72	1.744	3729.74	30
T	0.616	0.091	25	2.948	60	0	31.32	1.931	751.73	99
T	0.117	-0.143	91	0	60	0	34.28	0.755	3174.73	99
T	1.179	-1.212	220	0	60	0	28.7	0.941	9479.73	99
T	4.897	-0.592	5	0	60	0	22.5	1.609	90	12
T	0.008	-0.373	136	6.72	60	0	20.87	1.362	2670.73	99
T	-0.282	-0.156	101	0	60	0	31.24	5.828	4188.73	99
T	0.889	-3.307	23	0	60	0	27.32	1.609	774.73	66
T	-1.108	0.039	66	0	60	0	22.21	0.954	910.73	99
T	-4.438	0.148	2	0	60	0	23.85	0.693	47.7	6
T	-0.063	1.863	27	5.519	60	0	16.64	0.09	382.73	99
T	-0.43	-1.006	151	0	59.98	0	22.42	4.37	2757.73	60
T	-2.064	-1.367	5	0	60	0	28.33	3.258	143	12
T	-0.454	-1.708	96	0	60	0	19.79	0.815	1800.73	99
T	0.278	-4.589	207	0	60	-2.189	32.27	0.757	7177.73	99
T	-0.63	-1.739	4	0	60	0	31.25	1.609	125	12
T	1.85	-0.424	99	0	60	0	30.58	1.28	4106.73	99
T	1.375	-2.036	4	0	60	0	33.08	1.609	180.87	15
T	1.336	-2.63	110	6.315	60	0	11.46	0.694	1248.73	99
T	-0.902	0.918	38	0	60	-2.083	29.01	1.609	1653.73	99
T	-1.577	-0.403	24	0	60	0	29.51	1.022	619.73	99
T	1.088	-0.526	36	0	60	0	20.24	0.719	728.73	99
T	-0.098	-1.609	174	0	60	0	25.5	0.644	3875.73	99
T	2.128	1.215	386	2.789	59.81	-2.475	14.6	0.853	5560.73	99
T	1.499	0.67	66	0	60	0	26.62	0.925	2861.73	99
T	0.332	-0.124	30	0	60	0	27.95	2.376	782.73	52
T	-0.337	0.317	103	0	60	0	19.53	0.77	1972.73	99
T	-0.855	0.217	52	2.392	60	0	12.94	0.407	672.73	99
T	-1.804	0.101	44	1.236	60	0	11.04	0.914	474.73	99
T	2.238	0.075	71	0	60	0	35.86	0.756	2723.73	99
T	0.116	0.199	37	2.966	60	0	18.45	1.118	645.73	99
T	-0.763	0.135	100	0	60	0	33.55	1.396	3153.73	99
T	-0.839	1.75	78	0	60	0	29.72	0.744	3419.73	99
T	0.223	-0.207	134	0	60	0	33.44	0.757	5705.73	99
T	1.227	1.295	115	5.119	60	0	18.07	1.217	1879.73	99
T	0.475	-0.309	54	1.411	60	0	16.35	0.357	637.73	99
T	-1.918	2.026	131	0	59.83	0	28.84	1.807	5977.73	99
T	-0.059	-0.987	7	0	60	0	32.11	1.609	224.77	21
T	2.188	1.108	166	0.687	60	0	20.61	0.832	3297.73	99
T	0.174	-0.843	40	3.99	60	0	11.82	1.536	472.73	99
T	0.241	-1.18	38	0	60	0	31.52	3.383	1134.73	99
T	2.03	-0.075	99	5.527	60	0	20.47	1.283	1842.73	99
T	1.852	-1.683	51	0	60	0	34.08	1.132	1601.73	99
T	-2.694	-1.176	35	26.668	60	0	8.66	4.801	285.73	99
T	0.55	-0.78	17	0	60	0	10.41	1.112	145.73	99
T	0.819	1.004	20	1.922	60	0	22.14	0.283	442.73	99
T	-4.409	-0.416	72	6.238	60	0	10.39	1.652	747.73	99
T	1.029	-1.107	54	0	60	0	30.3	1.802	2377.73	99
T	-0.566	0.144	9	3.68	60	0	6.84	0.039	54.73	92
T	0.674	-1.452	19	2.762	60	0	7.43	1.536	133.73	99
T	-1.091	-0.889	73	0	60	0	9.68	0.968	493.73	99
T	-0.373	-0.173	66	0	60	0	27.95	2.833	2097.73	99
T	0.674	-1.452	7	0	60	0	30.25	0.941	211.77	21
T	0.73	-0.914	116	0	60	0	21.41	0.695	2119.73	99
T	0.342	-0.007	177	5.298	60	0	19.77	1.179	3183.73	99
T	1.068	-0.366	174	0	60	0	31.36	0.872	6598.73	99
T	0.223	0.534	35	0	60	0	18.34	0.495	586.73	99
T	-4.568	-1.162	213	5.825	60	0	18.6	0.413	3830.73	99
T	0.573	-1.426	127	0.802	60	0	18.86	0.587	2093.73	99
T	-0.167	-1.089	24	2.171	60	0	9.73	0.223	155.73	99
T	-0.823	-2.146	104	0	59.55	0	26.33	1.88	3848.73	99
T	1.004	-0.211	118	1.31	60	0	20.06	0.431	1966.37	8
T	-1.339	0.291	106	0	60	0	30.57	2.494	2720.73	99
T	1.106	-0.666	57	0	60	0	31.65	2.221	2426.73	99
T	-1.645	-1.645	33	0	60	0	31.44	0.752	1236.73	99
T	-1.373	-0.958	151	0	60	0	33.88	1.661	4878.73	99
T	0.364	0.66	261	0	60	0	31.73	1.243	10124.7	99
T	-0.148	-5.218	116	5.034	60	0	14.52	0.212	1175.73	99
T	2.128	1.215	88	0	60	-2.475	27.46	0.812	3245.73	99
T	1.223	-2.792	76	3.186	60	0	19.69	1.179	1456.73	99
T	1.645	0.278	45	0	60	0	20.09	0.575	863.73	99
T	1.979	0.003	262	2.778	60	0	16.1	0.872	4105.73	99
T	2.235	-1.618	128	0	60	0	25.52	0.916	5782.73	99
T	-0.282	-0.156	228	0	59.94	0	32.23	1.565	8088.73	99
T	-2.064	-1.367	48	0	60	0	11.97	0.472	514.73	99
T	-0.826	-2.718	143	4.848	60	0	17.11	1.197	2292.73	99
T	0	-0.246	20	0	60	0	18.3	0.368	347.73	99
T	0.467	0.046	127	0	60	0	29.34	2.187	5518.73	99
T	1.995	-0.551	21	0	60	0	21.09	1.022	400.73	99
T	1.594	0.549	50	1.346	60	0	21.08	0.426	1011.73	99
T	0.533	-0.614	66	0	60	0	8.53	0.368	238.73	99
T	-0.504	-1.14	32	0	60	0	13.62	0.693	408.73	99
T	0.766	-0.087	204	3.332	60	0	19.1	0.977	3666.73	99
T	1.996	-2.233	313	0	60	0	27.86	1.09	13183.7	99
T	-1.833	-1.17	221	0.646	60	0	20.02	0.794	2762.73	99
T	-0.701	-0.484	55	1.119	60	0	25.43	0.458	1398.73	99
T	-0.674	-0.887	16	0	60	0	29.25	1.402	301	12
T	-0.81	-0.081	5	0	60	0	24.88	1.022	179.87	15
T	0.386	-0.295	99	0	60	0	25.58	1.101	2404.73	99
T	-1.451	-0.084	64	0	60	0	32.83	0.625	2600.73	99
T	0.277	-0.534	92	0	60	0	29.11	0.536	2532.73	99
T	1.36	-2.789	37	0	59.55	1.132	6.53	0.776	182.73	99
T	-1.042	-1.232	52	3.209	60	0	19.56	0.246	938.73	99
T	-0.639	1.516	46	0	60	0	34.78	0.793	1250.73	50
T	0.174	0.026	89	2.908	60	0	21.9	1.064	1905.73	99
T	0.366	0.366	19	0	60	0	13.21	1.179	92.5	3
T	0.185	1.396	189	0	59.94	0	27.01	0.935	8023.73	99
T	0.792	1.66	73	0	59.14	0.791	7.68	0.487	314.73	99
T	1.569	-4.475	76	0	60	0	29.17	0.999	3148.73	99
T	-1.545	-0.594	3	0	60	-4.211	25.08	2.833	75.25	9
T	4.77	-0.848	174	6.931	60	0	12.22	1.187	2053.73	99
T	0.134	-0.353	242	0	60	0	31.06	1.114	11858.7	99
T	0.289	-0.347	34	0	60	0	31.62	2.387	853.73	81
T	-1.938	0.821	54	5.684	60	0	8.59	1.821	300.73	99
T	0.681	-1.689	162	3.172	60	0	17.35	1.173	2255.73	99
T	-1.339	0.291	425	0	59.99	0	33.2	2.398	11817.7	99
T	2.82	-1.012	17	0	60	0	31.87	3.056	355.74	27
T	0	0.513	65	0	60	0	18.34	0.61	1063.73	87
T	0.665	-2.952	47	0	60	0	29.83	1.244	1372.73	99
T	-0.211	-1.358	38	0	60	0	20.63	0.874	577.73	99
T	-1.709	-0.655	129	0	60	0	28.37	0.882	4660.73	99
T	-1.775	-0.156	57	0	60	0	33.28	0.892	1763.73	99
T	-0.308	-1.218	29	0	60	0	29.04	0.846	1023.73	78
T	-0.245	-0.831	148	3.248	60	0	20.7	1.016	2794.73	99
T	5.441	2.217	64	7.022	60	0	21.15	0.159	1332.73	99
T	1.029	-1.872	150	0	60	0	19.03	0.73	2721.73	99
T	0.708	-0.042	134	3.229	60	0	19.02	0.455	2453.73	99
T	-1.804	0.101	7	0	60	0	21.37	3.611	106.87	15
T	1.213	0.207	167	5.714	60	0	17.87	0.287	2448.73	99
T	0.103	-1.949	68	0	60	0	25.09	1	2395.73	99
T	2.218	0.006	2	0	50.99	0	15.35	2.303	30.71	6
T	-1.47	-1.889	24	0	60	0	11.74	0.193	281.73	99
T	0.752	0.542	186	3.234	60	0	30.08	0.405	6976.73	99
T	-0.825	0.062	167	14.263	60	0	22.55	1.783	3495.73	99
T	-0.276	1.279	128	2.641	60	0	15.32	0.97	1639.73	99
T	1.653	1.427	90	0.926	60	0	9.89	0.526	761.73	99
T	-1.339	0.291	3	0	60	0	26.42	1.179	79.25	9
T	0.497	0.054	159	0	60	0	26.23	1.292	6185.73	99
T	-0.497	0.703	12	4.771	58.09	-0.967	7.97	0.045	71.73	99
T	0.665	-2.952	5	0	60	0	32.64	1.981	187.87	15
T	-0.481	-1.315	86	0	59.96	0	21.64	6.666	1211.73	99
T	2.658	-0.607	199	1.14	60	0	13.64	0.748	2713.73	99
T	0.294	0.193	46	0	60	0	10.37	0.653	466.73	99
T	1.508	0.307	137	3.312	60	0	9.11	1.04	1174.73	99
T	-2.265	-1.388	34	0	59.75	-0.966	16.06	0.602	465.73	99
T	0.342	1.798	305	0	60	0	31.07	1.043	8791.73	99
T	1.124	-1.108	203	0	60	0	28.75	0.424	8394.73	99
T	0.402	-0.858	97	0	60	0	29.17	0.421	2683.73	99
T	0.887	0.066	45	9.818	60	0	13.82	2.014	552.73	99
T	-0.308	-2.32	87	0.829	60	0	19.07	0.551	1601.73	99
T	-1.711	-0.455	92	0	60	0	25.23	2.636	3395.73	99
T	0.234	1.976	486	0	60	0	30.35	0.227	19664.7	99
T	-0.326	0.461	47	0	60	0	17.77	1.075	799.73	99
T	-0.571	0.765	29	6.455	60	0	23.26	1	604.73	99
T	0.192	-0.996	118	0	59.91	0	30.91	2.086	4242.73	99
T	2.186	-1.826	196	0	59.97	0	27.29	1.522	8433.73	99
T	0.885	-1.086	97	2.979	60	0	10.7	1.085	1037.73	99
T	-0.024	-1.717	36	0	60	-6.543	33.36	1.675	1167.73	99
T	1.954	-0.418	7	0	60	0	32.11	4.174	224.77	21
T	2.182	0.516	14	0	60	0	31.51	2.833	94.52	7
T	0	1.487	37	1.48	60	0	19.74	0.42	690.73	99
T	0.311	0.63	39	0	60	0	28.6	0.914	1342.73	99
T	0.574	-1.32	119	0	60	0	14.37	0.686	1638.73	99
T	0.959	-4.513	26	0	60	0	25.57	6.439	613.73	72
T	0.572	-0.975	104	0	60	0	32.33	0.795	3265.73	99
T	-0.43	-0.923	14	2.92	60	0	22.21	2.303	288.73	99
T	-1.224	-0.514	153	8.069	60	0	20.35	1.359	2828.73	99
T	-0.55	-2.073	10	0	60	0	31.53	2.093	283.74	27
T	1.943	-2.772	6	0	60	0	26.53	2.303	232.8	18
T	1.071	-1.25	64	2.211	60	0	21	0.434	1280.73	99
T	-0.46	-1.437	120	0	60	0	13.99	0.711	1580.73	99
T	1.653	-0.585	103	3.902	60	0	21.23	1.123	2059.73	99
T	1.231	1.377	20	0	60	-0.635	26.48	1.609	668.73	48
T	0.442	-0.18	143	2.975	60	0	17.8	0.946	2545.73	99
T	0.316	1.015	83	0	60	0	27.65	1.022	1979.73	99
T	2.241	0.372	199	0	59.92	0	32.7	1.002	8722.73	99
T	2.588	1.271	45	2.985	60	0	16.93	1.27	761.73	99
T	1.468	2.101	109	0	60	0	30.05	5.421	2686.73	99
T	0	1.383	41	0	60	0	28.79	0.914	1581.73	99
T	2.049	-0.412	51	0	60	0	27.71	3.788	1897.73	99
T	-0.244	0.66	64	0	60	0	26.37	0.726	1555.73	99
T	-0.027	-2.448	141	1.388	59.97	0	22.73	0.862	3090.73	99
T	-0.564	-1.026	24	2.158	60	0	15.92	0.252	238.73	99
T	0.937	3.607	56	0	60	1.226	34.49	2.259	1827.73	99
T	-1.5	-1.293	64	0	60	0	16.43	0.73	936.73	99
T	0.654	-1.577	42	0	60	0	26.71	4.003	1058.73	74
T	1.159	-1.151	34	3.565	60	0	14.19	0.126	354.73	99
T	-1.229	-2.105	352	1.259	60	0	18.49	0.732	6453.73	99
T	-0.063	1.863	72	0	60	0	29.75	1.385	2527.73	99
T	0.566	-0.566	8	4.26	60	0	3.09	0.061	24.75	62
T	-1.08	0.172	9	0	60	0	30.35	4.407	322.75	24
T	0.387	1.777	524	2.481	59.99	0	9.11	0.514	4536.73	99
T	0.15	-1.936	24	0	60	0	32.44	4.892	811.73	69
T	4.251	1.009	45	0	60	0	34.82	7.658	1566.73	99
T	1.193	-0.306	53	6.084	60	0	22.15	0.078	1018.73	99
T	-1.324	-0.993	37	2.021	60	0	12.53	1.721	325.73	99
T	-1.423	-2.281	26	0	60	0	27.43	2.215	918.73	81
T	0.284	1.302	2	0	60	0	32.12	0.693	64.25	9
T	1.504	0	124	0	60	0	33.15	1.123	4465.73	99
T	-0.168	-0.795	96	5.316	60	0	12.6	0.752	1209.73	99
T	-1.59	-0.084	49	1.453	60	0	16.15	0.976	726.73	99
T	0.74	-0.706	41	0	60	0	7.07	0.563	289.73	99
T	-0.43	-1.006	110	0	58.41	0	31.3	1.101	2112.73	99
T	3.514	-1.238	165	9.531	60	0	16.02	0.299	2642.73	99
T	0.229	0.566	156	0	60	0	31.35	1.257	6663.73	99
T	-1.048	1.861	51	0	60	0	17.39	0.582	660.73	99
T	2.1	2.1	7	0	60	0	29.47	2.303	176.8	18
T	0.994	-2.381	31	0	60	0	25.26	0.784	798.73	99
T	0.341	-5.06	67	0	60	0	24.64	1.793	2342.73	99
T	1.325	0	57	0	58.29	-0.399	27.99	0.28	2148.73	36
T	0.109	1.29	35	0	59.83	0	24.79	1.839	1420.73	99
T	1.96	1.645	182	0	60	0	28.43	2.223	7776.73	99
T	-0.992	0.07	130	0	60	0	32.4	1.241	5886.73	99
T	0.227	-0.977	59	0	60	-6.814	29.34	1.342	2017.73	99
T	0.645	0.679	128	0	60	0	28.47	1.807	4632.73	99
T	-1.205	-0.88	184	0	60	0	32.34	3.535	7698.73	99
T	0.697	0.183	44	0	60	0	16.68	0.668	683.73	99
T	1.33	0.319	114	3.634	60	0	9.31	1.054	1042.73	99
T	0.492	-1.452	64	1.817	59.87	-0.342	34.7	0.299	1769.73	99
T	0.819	1.004	225	0	60	0	32.54	1.285	7944.73	99
T	0.662	0.916	28	2.644	60	0	18.91	1.802	453.73	36
T	5.143	-0.063	100	0	60	0	27.81	1.408	3956.73	99
T	0.799	0.424	127	0	60	0	28.77	0.801	4941.73	99
T	0.171	0.799	71	0	60	0	21.57	0.678	1121.73	99
T	-0.967	-0.674	139	0	60	0	33.8	1.397	5565.73	99
T	-0.937	-6.574	122	0	60	0	27.9	1.629	4819.73	99
T	0.278	-4.589	277	5.354	59.86	-2.189	14.69	1.01	3731.73	99
T	1.602	-1.249	81	0	60	0	30.57	3.014	1589.73	99
T	0.619	-0.286	14	0	60	0	10.52	0.368	136.73	99
T	-1.118	-1.076	31	19.651	60	0	16.51	4.61	313.73	99
T	-0.206	1.845	113	0	60	0	26.25	1.201	4716.73	99
T	0.134	-0.353	65	0	60	0	29.98	0.997	1738.73	99
T	0.23	1.884	45	1.378	60	0	12.15	1.061	461.73	99
T	-0.701	-1.659	176	0	60	0	33.72	0.567	5596.73	99
T	0.253	1.645	5	0	60	0	10.75	1.022	53.73	56
T	1.285	-0.707	68	0	60	0	11.5	0.796	747.73	99
T	0.151	-0.109	85	0	60	0	26.32	2.448	3110.73	99
T	-1.403	1.198	241	0	60	0	28.04	1.409	8373.73	99
T	2.049	-0.412	54	1.156	60	0	20.15	0.935	1067.73	99
T	0.114	-1.602	21	0	60	0	14.48	2.494	231.73	6
T	-1.865	-1.132	56	2.491	60	0	24.46	0.354	1271.73	99
T	0.162	-0.686	119	0	60	0	20.52	0.661	2339.73	99
T	-2.033	-1.405	70	0	59.97	0	27.25	1.022	2395.73	99
T	-1.056	0.413	169	15.664	60	0	18.14	0.188	2865.73	99
T	-0.24	-1.538	138	0	60	0	26.18	2.042	6225.73	99
T	2.267	-0.211	3	0	60	0	32.75	2.833	98.25	9
T	-0.807	-1.065	137	0	60	0	29.72	0.708	5041.73	99
T	-1.545	-1.44	20	0	60	0	28.51	1.179	663.73	60
T	-2.291	0.625	60	1.007	60	0	19.63	0.718	1138.73	99
T	0.192	-0.996	170	0	60	0	29.6	0.981	6053.73	99
T	-0.919	-0.706	41	0	60	0	6.16	0.387	178.73	99
T	1.943	-2.772	9	0	60	0	33.3	3.056	299.74	27
T	-1.117	0.64	209	0	60	0	29.94	0.517	7209.73	99
T	-0.497	-0.936	90	0	60	0	28.38	1.013	3614.73	99
T	-0.591	0	12	0	56.52	0	41.73	3.258	434.73	33
T	-2.2	-1.889	79	0	59.87	-1.119	14.35	0.67	803.73	99
T	-0.221	-3.027	191	0	60	0	29.73	1.848	6983.73	99
T	2.283	-1.345	125	4.68	60	0	11.61	1.247	1033.73	99
T	1.313	-0.923	40	0	60	0	20.78	0.582	789.73	99
T	1.375	-2.036	11	0	60	0	28.21	4.977	456.73	33
T	0.94	-1.913	36	0	60	0	7.95	0.495	214.73	99
T	1.061	-0.909	29	0	60	0	13.03	1.127	338.73	99
T	0.221	0.142	38	1.5	60	0	9.08	1.034	299.73	99
T	1.106	-0.666	28	0	60	0	32.11	2.833	1011.73	84
T	0.055	1.405	18	0	60	0	14.8	1.371	236.73	99
T	2.456	0.021	5	0	60	0	32.97	1.022	164.87	15
T	-0.452	1.952	25	0	35.56	0	30.17	4.892	819.73	78
T	0.631	1.367	73	4.837	59.77	1.101	18.97	1.671	758.73	99
T	1.106	-0.666	24	0	59.22	0	28.83	3.352	824.73	69
T	0.725	0.79	38	0	60	0	30.87	5.838	1458.73	99
T	0.225	-1.627	70	0.96	60	0	17.33	0.915	1143.73	99
T	0.868	-0.309	92	1.755	56.45	-6.041	17.89	0.927	1574.73	99
T	-0.378	-0.38	160	0.635	60	0	16.41	0.8	2444.73	99
T	-1.209	2.579	48	0	60	0	15.12	0.765	710.73	99
T	-1.709	-0.655	65	0	60	0	13.51	1.241	675.73	99
T	1.261	-4.494	130	9.061	60	0	19.31	1.514	2162.73	99
T	0.663	-1.033	105	0	60	0	12.83	0.685	1244.73	99
T	-1.207	0.56	15	0	60	0	16.84	0.175	235.73	99
T	2.036	-2.165	174	0	60	0	32.52	0.741	5527.73	99
T	-0.007	0.788	51	0	60	0	31.69	1.483	1402.73	99
T	-0.057	1.047	52	8.513	60	0	14.65	0.159	761.73	99
T	-0.768	0.651	17	0	60	0	36.92	2.712	594.7	6
T	1.084	2.953	71	3.358	60	0	13.91	0.672	931.73	99
T	-0.221	-3.027	29	0	60	0	33.51	6.666	904.73	81
T	-0.046	-1.898	162	9.869	59.9	0	15.27	1.46	2396.73	99
T	1.018	-1.23	97	0	60	0	28.71	0.802	2784.73	99
T	0.941	-2.173	3	0	60	0	26.85	0.693	53.7	6
T	0.858	-1.402	170	5.124	60	0	15.27	1.112	2457.73	99
T	-0.397	1.137	16	0	60	0	15.52	0.941	232.73	99
T	0.837	0.361	79	0	59.92	0	13.45	0.765	645.73	99
T	-0.275	-5.542	56	1.302	60	0	10.77	0.741	581.82	99
T	-0.947	0.216	142	8.391	60	0	21.88	1.03	2800.73	47
T	2.922	-1.22	51	0	60	0	34.53	2.303	1726.73	99
T	1.129	0.712	253	0	59.84	-0.158	28.16	0.608	9735.73	99
T	-0.82	-1.214	47	1.354	60	0	17.29	0.419	760.73	99
T	0.39	-1.3	31	0	60	0	28.87	6.091	721.73	99
T	-1.629	-2.598	70	2.326	60	0	17.93	0.361	1039.73	99
T	1.487	1.805	78	0	60	0	29.93	0.92	2825.73	99
T	-1.088	2.011	144	0	59.98	0	34.63	0.391	4917.73	99
T	1.05	-1.177	73	5.214	60	0	17.77	1.365	1172.73	99
T	0.425	0.092	116	0	60	0	33.98	5.499	3611.73	99
T	-0.598	0.385	6	0	60	0	24.77	3.611	123.87	15
T	1.282	0	61	0	60	0	25.78	0.693	2207.73	99
T	0.821	0.259	78	2.653	60	0	31.2	0.307	2878.73	86
T	0.15	-1.936	30	0	60	0	33.82	3.912	1014.73	90
T	0.185	1.396	7	0	60	0	29.47	1.329	176.8	18
T	1.781	-0.61	30	0	60	0	7.54	0.657	218.73	99
T	1.467	0.471	28	2.969	60	0	12.18	1.802	255.73	99
T	5.441	2.217	17	0	60	0	31.07	2.712	734.73	54
T	0.619	1.242	11	0	60	0	1.98	0.169	15.85	53
T	1.943	-2.772	57	0	60	0	31.37	1.179	1478.73	99
T	-0.564	-0.247	119	7.874	60	0	20.86	0.266	2419.73	99
T	-0.23	0.632	11	0	60	0	22.25	0.941	244.73	99
T	-0.385	-0.395	83	0	60	0	23.3	0.726	1910.73	99
T	-0.603	-0.735	4	0	60	0	27.91	0.693	143	12
T	0.412	-1.033	50	1.747	59.46	0	19.62	0.336	843.73	99
T	-0.273	-1.215	150	0	60	0	34.99	0.736	6268.73	99
T	1.011	0.023	106	0	59.88	-0.221	31.42	1.305	2921.73	99
T	2.063	1.451	167	0	60	0	33.85	2.772	6727.73	99
T	0.762	0.589	54	0	59.69	0	31.75	0.361	2108.73	99
T	1.06	0.341	240	6.077	60	0	29.83	0.093	6949.73	99
T	0.616	0.091	80	0	60	0	24.19	0.798	3373.73	99
T	-0.369	-0.955	74	0	60	0	30.81	0.849	2752.73	99
T	-1.523	-1.307	71	0	60	0	11.72	0.623	773.73	99
T	0.151	-0.109	33	5.188	60	0	16.33	0.91	538.73	99
T	-0.011	1.535	61	3.736	59.78	0.772	11.57	0.209	566.73	99
T	-0.679	-1.443	97	1.992	60	0	19.84	1.022	1487.73	99
T	1.629	0.216	148	0	60	0	28.82	0.976	5015.73	99
T	1.581	1.106	447	0	59.97	0.908	10.58	0.689	4473.73	99
T	0.026	2.513	470	0	60	0	27.14	1.434	21232.7	99
T	1.039	-0.039	23	0	60	0	13.14	0.527	262.73	99
T	1.728	1.111	81	0	60	0	7.65	1.316	313.73	99
T	0.122	1.156	91	3.757	60	0	27.93	0.814	2386.73	99
T	1.95	1.579	63	0	60	0	31.14	5.097	2353.73	99
T	-1.058	-0.73	27	0	59.2	0	30.52	2.584	655.73	50
T	-0.566	0.385	82	0	60	0	34.92	3.098	3175.73	99
T	2.235	-1.618	247	0	60	0	30.71	2.235	10836.7	99
T	1.086	-0.186	30	0	60	0	32.75	6.666	1151.73	82
T	-0.237	0.073	31	0	60	0	16.51	1.387	445.73	99
T	-0.14	-2.375	64	1.032	60	0	17.66	0.551	1006.73	99
T	-1.775	-0.156	46	2.638	60	0	22.72	1.153	999.73	99
T	1.428	-1.14	52	0	60	0	30.03	2.187	2218.73	99
T	1.856	-0.281	216	0.98	60	0	13.22	0.828	1863.73	99
T	0.756	0.662	77	1.99	60	0	12.71	0.528	889.73	99
T	2.934	0.21	70	0	60	0	15.58	0.852	607.73	99
T	1.292	0.135	22	0	59.47	0	27.76	0.693	709.73	60
T	-1.472	-1.556	57	0	60	0	3.93	0.465	176.73	99
T	-0.317	1.624	230	0	60	0	27.78	0.862	8736.73	99
T	2.047	-0.451	36	0	60	0	34.52	2.179	1582.73	99
T	-0.61	-0.918	48	0	60	-7.329	34.59	0.919	1625.73	99
T	-2.696	-1.052	71	4.502	60	0	19.11	1.31	1222.73	99
T	-0.121	-0.23	32	0	60	0	6.99	0.641	209.73	99
T	2.495	1.945	159	0	60	-6.501	32.46	1.473	4900.73	99
T	2.1	2.1	29	0	60	0	34.67	0.997	970.73	87
T	0.16	2.916	71	0	60	0	30.33	1.284	2885.73	99
T	-1.11	-0.265	52	0	60	0	13.71	0.532	685.73	99
T	1.335	0.728	11	0	60	0	12.79	0.33	140.73	99
T	-2.957	-0.396	133	0	54.49	0	25.2	0.693	5809.73	99
T	-1.339	0.291	49	0	60	0	30.99	1.981	1706.73	99
T	0.834	-0.634	27	0	60	0	18.2	3.611	345.73	98
T	1.569	-2.657	76	1.993	60	0	22.55	1.318	1600.73	99
T	-1.209	2.579	24	0	60	0	32.47	3.352	746.73	69
T	0.185	1.396	35	0	60	0	29.51	3.056	560.73	99
T	0.348	1.373	133	0	60	0	30.39	0.465	3919.73	99
T	1.859	0.141	74	9.548	59.89	0	18.56	0.691	723.73	99
T	2.167	0.953	203	0	60	0	28.49	1.645	8608.73	99
T	-2.338	-0.573	2	0	60	0	26.05	2.303	90.25	9
T	2.922	-1.22	97	0	60	0	34.81	2.019	3271.73	99
T	1.629	0.216	118	0	60	0	31.35	1.672	4187.73	99
T	-1.602	-4.424	108	1.955	60	0	7.7	0.771	708.73	99
T	0.386	-0.295	8	0	60	0	26.25	1.863	285.75	24
T	1.735	0.041	156	0	60	0	31.57	0.848	4767.73	99
T	0.862	0.517	32	0	60	0	34.76	4.68	1292.73	99
T	1.476	-0.111	22	2.105	60	0	7.58	1.536	166.73	99
T	1.004	-0.211	121	0	60	0	25.99	2.183	5075.73	99
T	-1.205	-0.88	101	0	52.75	0	33.18	1.557	2952.73	99
T	-0.29	-0.31	88	0	60	0	18.09	0.756	940.73	99
T	-0.141	1.498	230	1.584	60	0	18.46	0.771	4245.73	99
T	1.32	0.275	169	6.904	60	0	20.6	1.52	2986.73	35
T	0.248	-3.901	90	0.824	60	0	19.23	0.838	1595.73	99
T	0	0.674	5	0	60	0	6.44	0.693	25.74	63
T	-0.315	-1.866	217	8.207	60	0	30.78	0.979	9138.73	99
T	0.103	-1.949	118	0	60	0	30.53	1.432	5097.73	99
T	0.597	0.033	57	0	60	0	18.22	0.793	1038.73	99
T	-1.189	0.631	52	1.345	60	0	8.29	0.446	339.73	99
T	-0.264	0.836	46	2.826	60	0	18.23	0.324	838.73	99
T	-0.25	1.109	13	0	59.92	0	24.64	4.615	221.74	27
T	0.799	0.592	457	0	60	0	27.33	1.07	14492.7	99
T	-1.26	-0.744	59	0	60	0	30.77	0.914	2157.73	99
T	1.133	1.552	236	2.343	60	0	15.14	0.545	3435.73	99
T	1.068	-0.42	37	0	60	0	33.7	0.99	707.73	99
T	-0.452	1.952	41	0	59.77	0	33.28	0.927	1556.73	99
T	0.622	1.643	135	0	60	0	24.84	1.198	2781.73	99
T	0.092	-3.335	108	0	60	0	29.73	4.826	4032.73	99
T	-1.497	0.328	79	0	60	0	17.67	0.766	1236.73	99
T	-0.166	-0.936	41	0	60	0	16.64	0.576	665.73	99
T	1.755	1.212	97	5.982	60	0	19.73	1.46	1676.73	99
T	-2.398	0.159	261	0	60	0	34.46	1.228	9638.73	99
T	2.063	1.451	44	0	60	0	9.89	2.67	207.75	67
T	1.389	-0.85	47	3.419	60	0	10.02	0.257	350.73	99
T	-0.337	0.317	152	0	60	0	30.06	1.578	6097.73	99
T	0.971	0.928	20	0	60	0	31.16	1.061	597.73	51
T	-0.854	-1.872	63	6.039	60	0	25.62	3.797	973.73	99
T	0.414	0.865	139	0	52.69	0	32.05	2.345	4943.73	99
T	0.122	-1.165	105	0	60	0	29.14	0.925	4597.73	99
T	-0.59	-2.984	80	0	60	0	29.51	1.641	2785.73	99
T	-0.01	0.566	16	0	60	0	2.64	0.527	23.75	61
T	-1.507	1.947	61	18.623	60	0	18.19	2.77	1109.73	99
T	-1.192	1.965	213	3.426	59.99	1.434	18.76	0.963	3358.73	99
T	3.382	-0.443	142	0	60	0	27.56	0.806	5377.73	99
T	2.49	-0.457	243	5.412	60	0	18.29	1.016	4262.73	99
T	-0.894	0.007	62	2.177	60	0	14.2	0.889	851.73	99
T	1.11	0.361	66	0	60	0	26.47	0.886	2893.73	99
T	0.996	0.605	222	14.519	60	0	18.66	0.257	3955.73	99
T	0.045	-0.43	165	0	60	0	33.33	2.863	7699.73	99
T	-0.919	-1.32	180	0	60	0	27.48	2.917	7514.73	99
T	-1.14	-2.489	199	7.312	59.92	0	13.61	0.73	1319.73	99
T	0.882	0.912	17	0	60	0	29.92	1.244	682.73	48
T	-0.123	1.256	4	0	60	0	29	1.609	144	12
T	-1.036	0.189	6	3.979	60	0	13.29	2.8	79.73	99
T	1.992	1.046	133	0	59.92	0	27.55	0.748	3112.73	99
T	0.592	-1.215	122	0	60	0	30.1	0.516	2588.73	99
T	1.245	0.788	112	3.996	60	0	28	2.572	2883.73	99
T	1.375	-2.036	5	0	60	0	29.76	3.611	187.87	15
T	-0.133	-0.023	126	0	60	-2.04	32.29	3.362	3583.73	99
T	-1.568	-0.268	165	3.159	43.42	0.23	33.01	0.353	7818.73	99
T	-2.718	2.397	366	0	60	0	33.58	0.997	12689.7	99
T	1.559	-1.823	74	0	60	0	17.83	0.612	1265.73	99
T	0.709	-0.816	89	0	60	0	31.43	1.402	3137.73	99
T	6.803	1.391	80	0	60	0	19.25	0.711	1539.73	99
T	-0.489	-0.914	24	0	58.59	0	23.64	3.912	141.87	15
T	0.854	-0.502	183	2.827	59.91	-1.514	10.2	0.932	1866.73	99
T	0.026	2.513	86	0	60	0	32.71	0.979	3164.73	99
T	-0.206	1.845	39	1.573	60	0	13.7	1.161	424.73	99
T	1.122	-2.068	6	0	60	0	28.39	1.329	224.8	18
T	0.854	-0.502	3	0	60	-1.514	20.42	1.179	61.25	9
T	-1.523	-1.307	281	0	59.87	0	30.59	1.111	11377.7	99
T	2.821	0.211	74	0	60	0	16.79	0.767	1242.73	99
T	-0.139	-4.907	88	0	60	0	9.76	0.705	839.73	99
T	1.011	0.023	57	0	60	-0.221	32.7	6.556	2006.73	99
T	1.737	-0.434	44	15.322	60	0	17.83	1.31	748.73	99
T	1.626	0.925	19	0	59.1	1.335	5.79	0.859	63.73	84
T	0.348	0.451	138	0.647	60	0	16.43	0.763	2152.73	99
T	-0.866	-0.068	401	0	60	0	37.43	2.023	17006.7	99
T	1.331	-0.073	52	3.431	60	0	12.79	1.458	613.73	99
T	1.498	0.354	30	0	60	0	30.01	1.071	1247.73	87
T	0.854	1.259	127	0	60	0	31.68	0.866	3832.73	99
T	0.23	0.581	46	0	60	0	32.23	1.038	1651.73	99
T	0.28	0.399	34	0	60	0	28.39	0.483	851.73	99
T	-0.896	-0.749	177	0	60	0	29.28	0.892	6475.73	99
T	-0.25	1.109	59	0	60	0	8.57	0.437	385.73	99
T	0.652	-0.053	118	0	60	0	30.79	0.914	4257.73	99
T	2.82	-1.012	74	0	60	0	28.27	1.643	2689.73	99
T	5.447	0.578	201	6.625	60	0	18.4	0.368	3514.73	99
T	4.942	0.443	118	3.632	60	0	17.09	1.102	1947.73	99
T	0	0	15	0	58.92	0	5.75	0.368	28.74	66
T	-0.446	-1.306	44	2.156	60	0	17.16	1.302	411.73	99
T	1.906	-2.37	81	0	60	0	33.82	1.981	2536.73	99
T	1.339	-0.217	40	12.884	60	0	19.67	2.151	786.73	99
T	-1.497	0.328	225	0	60	0	30.71	1.436	9623.73	99
T	0.674	-1.683	26	8.475	60	0	19.36	2.862	464.73	99
T	1.487	1.805	227	0	60	0	30.99	0.758	9723.73	99
T	0.646	-2.394	22	0	60	0	15.38	3.5	276.8	18
T	0.185	1.396	61	0	60	0	31.66	1.487	2537.73	99
T	-0.591	0	8	0	60	0	29.11	0.941	203.77	21
T	1.411	1.852	155	0	60	0	34.92	0.452	3776.73	99
T	-0.798	0.245	94	0	60	0	28.15	3.383	3433.73	99
T	0.402	0.42	27	3.565	60	0	18.32	0.669	494.73	99
T	-1.625	-3.26	183	0	60	0	30.17	1.128	7940.73	99
T	0.414	0.865	155	0	60	0	31.26	6.578	4828.73	99
T	2.495	1.945	45	0	60	-6.501	34.06	1.259	1498.73	99
T	-1.698	-1.471	119	0	60	0	27.38	1.118	4913.73	99
T	0.62	-2.989	31	0	60	0	34.53	1.022	897.73	84
T	2.194	-0.791	4	0	60	0	26.85	2.303	53.7	6
T	-1.523	-1.307	41	0	59.45	0	26.6	2.833	212.84	16
T	1.05	0.099	22	10.041	60	0	15.76	2.258	346.73	99
T	0.179	-1.935	35	0	60	0	31.9	0.811	1084.73	99
T	-0.798	0.245	16	0	60	0	25.57	5.67	676.73	51
T	1.231	1.377	347	0	60	-0.635	30.28	3.272	11681.7	99
T	-2.206	-0.899	187	1.839	60	0	16.51	0.562	3070.73	99
T	0.853	0.323	17	0	60	0	30.92	5.67	494.73	48
T	-0.795	0.096	47	0	60	0	26.52	1.739	954.73	99
T	-0.799	0.082	25	0	60	0	17.11	0.569	427.73	99
T	-0.808	-1.295	95	1.758	60	0	19.59	0.922	1762.73	99
T	-0.222	-2.023	18	0	60	0	33.93	4.407	772.73	54
T	0.398	0.608	37	0	60	0	28.52	2.432	1298.73	99
T	1.029	-1.872	110	0	60	0	29.48	2.347	3870.73	99
T	0.21	-1.383	13	0	60	0	12.79	0.941	127.87	99
T	1.587	-0.765	48	0	60	0	30.93	3.611	1728.73	99
T	-0.385	0.21	147	3.237	59.96	0	25.51	2.081	6014.73	99
T	0.468	-0.341	91	0	60	0	30.74	0.693	2151.73	99
T	-0.992	-1.776	17	2.963	60	0	17.48	0.148	244.73	77
T	0.881	0.384	17	0	60	0	27.49	5.549	619.73	45
T	2.205	-1.25	92	4.218	60	0	18.4	1.214	1600.73	99
T	0	-1.383	4	0	60	0	5.44	0.693	21.76	59
T	-1.452	0.578	141	2.035	60	0	29.24	0.297	5248.73	99
T	-0.912	-1.529	100	0	60	0	14.53	0.739	1394.73	99
T	-1.16	0.212	5	0	60	0	28.74	1.981	180.87	15
T	-0.524	-1.423	47	0	60	0	8.99	0.59	368.73	99
T	0.889	1.747	235	1.089	60	0	14.35	0.604	3200.73	99
T	0.87	0.456	39	7.134	60	0	20.89	2.891	793.73	99
T	-0.763	-1.743	45	0	60	0	31.52	0.829	1734.73	99
T	-0.876	-0.12	18	0	60	0	22.75	1.402	204.73	99
T	-2.071	-3.982	101	7.882	60	0	17.04	0.28	1720.73	99
T	0.94	0.842	56	0	60	0	28.71	1.402	1521.73	99
T	0.872	0.015	116	0	60	0	30.73	0.527	4143.73	99
T	0.551	0.25	64	3.098	60	0	2.19	0.141	65.73	99
T	2.237	-1.317	52	1.248	60	0	15.28	1.101	748.73	99
T	-0.928	-4.633	70	0	60	0	28.49	0.762	2537.73	99
T	-0.343	0.121	101	0	60	0	26.03	1.76	4423.73	99
T	1.126	-1.168	44	5.618	60	0	16.56	0.16	579.73	99
T	3.382	-0.443	35	0	60	0	27.17	1.179	999.73	70
T	-2.338	-0.573	242	0	60	0	29.6	1.041	8648.73	99
T	0.607	0.245	46	0	60	0	9.34	0.965	401.73	99
T	1.025	1.322	145	4.228	60	0	32.58	1.108	5840.73	99
T	-1.655	0.609	3	0	60	0	23.42	2.833	70.25	9
T	0.26	0.117	54	0	60	0	28.23	0.892	2007.73	99
T	1.018	-1.23	148	0	60	0	25.61	0.821	6214.73	99
T	0.047	-1.987	82	3.837	60	0	28.68	0.857	2150.73	99
T	-1.918	2.026	163	0.74	60	0	16.68	0.59	2602.73	99
T	-1.465	-0.792	10	5.441	60	0	30.25	2.225	211.73	51
T	0.306	0.484	200	0	60	0	30.86	1.427	7186.73	99
T	-0.357	-1.568	203	0	60	0	20.03	0.692	3925.73	99
T	1.106	-0.666	289	0	59.77	0	22.41	1.934	13027.7	99
T	-0.086	-1.437	31	0	60	0	20.99	1.022	650.73	99
T	-0.352	0.356	4	0	60	0	27.63	1.609	143	12
T	-1.028	-0.457	119	0	59.86	0	27.34	4.593	2515.73	99
T	1.323	0.633	68	3.609	60	0	10.25	0.351	655.73	99
T	2.059	0.869	147	0	40.85	0	32.42	1.286	4603.73	99
T	-1.147	-2.197	203	1.761	60	0	14.18	0.576	2864.73	99
T	0.71	1.569	121	0	43.86	-3.035	27.05	0.79	3218.73	99
T	0.725	0.79	18	0	60	0	12.81	0.941	153.73	99
T	-0.674	-1.383	4	0	60	0	17.18	0.693	68.73	82
T	-0.114	-1.501	85	0	60	-0.431	34.7	1.139	2914.73	99
T	-1.577	-0.403	204	0	60	0	35.67	0.775	7468.73	99
T	-0.888	1.297	62	1.516	59.83	0	5.77	0.385	230.73	99
T	0.199	0.619	11	7.404	60	0	18.16	3.352	199.73	99
T	0.863	-0.549	143	0	60	0	30.98	1.204	5068.73	99
T	-0.021	-0.152	206	0	59.92	0	33.44	1.317	7332.73	99
T	-0.297	-0.156	17	0	60	0	33.28	2.179	565.73	51
T	-0.316	-2.177	86	0	60	0	12.09	0.836	954.73	99
T	-1.223	-3.084	96	0	60	0	27.97	1.029	4114.73	99
T	0.748	0.999	21	0	60	0	30.74	2.093	614.73	60
T	0	-0.551	78	0	59.84	0	28.98	1.085	2712.73	99
T	4.279	-1.505	69	0	60	0	15.68	0.681	1081.73	99
T	0.915	1.469	64	0	60	0	27.33	2.348	1393.73	99
T	1.106	-0.666	83	0	59.83	0	27.09	3.973	2569.73	99
T	2.167	0.953	185	0	59.8	0	32.62	1.765	7990.73	99
T	-1.266	-2.775	73	6.341	60	0	17.5	0.635	1242.73	99
T	3.909	-0.217	51	0	60	0	16.86	0.495	859.73	99
T	1.221	-0.109	44	5.17	59.68	0	16.2	0.709	534.73	99
T	1.3	1.421	26	0	55.03	0	29.85	6.184	889.73	64
T	-1.501	-0.462	99	6.562	60	0	14.27	0.56	1355.73	99
T	-0.762	0.187	36	3.155	60	0	15.66	1.329	469.73	99
T	-1.205	-0.88	78	0	59.89	0	30.05	3.855	3296.73	99
T	1.545	1.65	106	0	60	0	20.35	0.693	2156.73	99
T	0.54	1.595	128	2.202	59.93	0.866	15.45	1.12	1699.73	99
T	-0.194	-0.332	98	0	60	0	27.53	1.402	3403.73	99
T	0.333	1.573	133	0	60	0	29.89	0.779	2241.5	3
T	0.888	-2.567	202	0.527	60	0	17.55	0.757	3527.73	99
T	0.879	0.119	42	0	60	0	30.04	2.247	1788.73	99
T	1.361	-1.718	82	7.582	60	0	15.48	1.954	1269.73	99
T	-0.478	-1.616	129	6.126	60	0	19.59	0.308	2331.73	99
T	0.282	-4.909	87	0	60	0	31.32	0.821	3545.73	99
T	0.181	-2.097	212	4.508	59.99	0	16.87	1.11	3424.73	99
T	-0.486	0.956	131	1.419	60	0	22.17	0.713	2815.73	99
T	0.067	-0.346	138	0	60	0	27.4	1.904	5040.73	99
T	-0.561	-0.455	49	5.29	60	0	16.14	1.737	564.73	99
T	0.931	-1.495	149	3.586	60	0	16.89	1.048	2296.73	99
T	0.649	-1.467	34	0	60	0	28.49	2.91	1261.73	88
T	-0.088	-0.773	80	1.256	59.99	0	9.72	1.005	592.73	99
T	1.217	0.792	178	0	60	0	24.81	0.8	6562.73	99
T	-0.245	-0.831	20	0	60	0	30.07	0.914	774.73	55
T	0.368	0.324	173	0	60	0	23.96	1.061	7713.73	99
T	-0.491	1.08	105	0	60	0	4.28	0.477	290.73	99
T	-0.544	-0.581	10	0	60	0	27.79	3.258	144	12
T	1.184	-1.258	89	0	60	0	28.34	2.679	3214.73	99
T	-1.127	-0.124	55	2.973	60	0	15.16	0.283	818.73	99
T	-1.37	1.076	63	0	60	0	30.61	1.16	1836.73	99
T	0.861	-0.919	28	0	60	0	34.98	5.136	419.73	99
T	-1.081	-1.104	70	1.013	60	0	8.55	0.484	495.73	99
T	-1.005	0.229	228	7.29	60	0	20.3	0.813	3775.73	99
T	1.728	1.111	43	0	59.61	0	32.34	3.797	1583.73	99
T	3.542	-0.204	110	0	60	0	35.17	2.179	2460.73	99
T	-1.654	-1.535	52	0	59.77	-1.833	32.44	4.174	2162.73	99
T	0.925	-0.999	155	0	60	0	24.04	0.538	3245.73	99
T	-0.248	-0.653	71	0	60	0	14.87	0.368	371.73	99
T	0.185	1.396	35	0	60	0	29.51	3.056	560.73	99
T	-1.12	1.568	20	0	60	0	29.62	0.892	923.73	66
T	-0.168	0.955	16	0	60	0	26.3	4.174	420.73	48
T	-0.011	-0.735	66	1.307	60	0	19.24	1.051	923.73	99
T	2.951	0.983	55	0	60	0	26.48	2.4	2024.73	99
T	0.63	-1.155	192	0	60	0	30.85	1.342	5645.73	99
T	-0.217	0.697	8	0	60	0	8.59	0.693	68.73	99
T	0.092	-3.335	78	0	60	0	29.16	0.984	2742.73	99
T	0.022	-6.92	186	0	60	0	8.83	0.658	1579.73	99
T	-4.819	0.175	83	9.176	60	0	17.61	1.88	1426.73	99
T	0.517	-4.405	24	0	60	-0.873	30.44	0.941	729.73	53
T	-0.133	-0.935	19	0	60	0	16.39	1.445	196.73	99
T	-0.388	-0.24	164	0	60	0	29.88	5.257	6395.73	99
T	1.632	-1.345	123	2.303	60	0	25.49	0.405	2319.73	99
T	-1.496	-1.7	170	5.073	60	0	30.81	0.809	6395.73	99
T	-0.388	-0.24	252	7.409	59.98	0	10.56	0.165	2080.73	99
T	0.398	0.608	13	3.979	60	0	9.77	0.078	97.73	99
T	-1.786	-0.636	49	1.235	60	0	19.97	0.99	818.73	99
T	-1.403	1.198	105	0	60	0	35	1.122	3429.73	99
T	1.154	2.127	107	1.88	59.9	0	12.5	0.458	1224.73	99
T	-2.071	-3.982	22	0	60	0	33.74	3.056	674.73	60
T	-1.08	0.172	106	0	60	0	30.65	1.499	3810.73	99
T	-1.654	-1.535	74	0	59.78	-1.833	28.13	3.943	2614.73	99
T	0.044	0.745	177	0	60	0	34.68	0.892	8092.73	99
T	-0.494	-0.748	13	0	60	0	32.9	3.767	427.73	39
T	0	-0.524	7	0	60	0	18.29	0.223	109.73	51
T	1.159	1.22	43	0	60	0	32.18	1.775	1897.73	99
T	1.119	1.383	138	0	60	0	27.81	1.627	4929.73	99
T	-0.341	0.529	33	0	60	0	11.31	0.269	316.73	99
T	0.067	-0.346	15	7.16	60	0	19.59	0.042	254.73	99
T	-4.613	-0.698	76	6.194	60	0	9.53	1.65	714.73	99
T	0.619	0.282	20	2.92	60	0	19.06	2.303	247.73	99
T	1.075	-1.203	19	0	60	0	26.09	1.112	495.73	99
T	-0.78	-1.911	77	3.778	60	0	16	0.334	1007.73	99
T	0.692	1.394	90	1.722	60	0	17.57	0.922	1581.73	99
T	0.16	-0.794	13	0	60	0	33.82	1.179	372	12
T	-1.295	0.464	104	5.464	60	0	26.5	1.914	2517.73	99
T	0.223	-0.207	41	2.909	60	0	13.73	0.729	521.73	99
T	0.119	-2.778	46	10.538	60	0	20.24	0.075	890.73	99
T	-1.516	-2.78	175	8.069	60	0	18.33	1.456	2584.73	99
T	-1.483	0.496	36	0	60	0	31.76	2.985	1269.73	92
T	0.583	0.109	186	1.181	60	0	20.53	0.802	3551.73	99
T	-1.366	-1.552	48	0	60	0	19.82	0.593	931.73	99
T	1.735	0.041	83	0	60	0	26.3	0.77	3678.73	99
T	0.155	1.56	59	0	60	-0.661	29.13	3.3	1945.73	99
T	-0.774	-1.387	53	1.115	60	0	11.96	0.99	609.73	99
T	-0.123	-0.901	43	0	59.61	0	34.07	2.476	1396.73	99
T	-0.379	-1.662	40	3.129	60	0	27.12	0.395	1472.73	99
T	0.735	-0.409	236	0	60	0	33.09	1.049	9667.73	99
T	-1.763	1.232	207	1.774	60	0	23.2	0.722	4546.73	99
T	0.835	-0.514	85	4.952	60	0	8.09	0.288	582.73	99
T	0.076	0.537	31	1.576	60	0	14.99	1.051	404.73	99
T	-0.282	-0.156	61	0	59.82	0	34.57	1.556	1823.73	99
T	0.007	-2.166	56	0	60	0	33.19	0.853	1725.73	99
T	-0.258	-0.371	15	0	60	0	16.84	0.79	235.73	99
T	0.566	-0.674	150	0	41.94	0	33.08	1.171	4630.73	99
T	1.703	0.594	129	0	60	-0.578	26.8	1.285	5437.73	99
T	3.382	-0.443	32	0	56.98	0	29.38	4.091	1041.73	73
T	-1.713	-0.373	15	0	60	0	27.26	3.126	670.73	48
T	-2.103	0.187	256	0	59.8	0	31.45	3.965	9658.73	99
T	1.081	0.674	164	0	60	0	19.28	0.706	3007.73	99
T	2.049	-0.412	15	0	60	0	30.19	5.549	661.73	48
T	0.198	-1.005	4	0	60	0	31.62	3.258	143	12
T	-0.316	1.499	28	0	59.43	0	29.32	1.508	615.73	63
T	0.102	-1.551	30	0	60	0	31.32	0.976	939.73	90
T	-1.197	0.358	209	0	60	0	29.6	1.041	5712.73	99
T	0.39	-1.3	49	0	60	0	27.18	7.824	2212.73	99
T	-0.194	-0.332	13	0	60	0	31.87	1.27	408.73	36
T	-0.523	0.694	38	0	60	0	26.25	2.376	1332.73	91
T	0.45	-0.707	20	4.32	60	0	7.88	0.971	149.73	99
T	-1.47	-1.889	9	0	60	0	30.19	2.093	350.74	27
T	2.235	-1.618	85	0	60	0	29.77	4.88	4912.73	99
T	0.649	1.779	47	0	60	0	31.22	1.609	1637.73	99
T	2.235	-1.618	150	0	59.98	0	33.14	3.434	6428.73	99
T	-1.243	-0.147	26	0	60	0	30.33	4.255	927.73	78
T	-1.041	-0.061	38	0	53.79	0	29.88	1.739	1304.73	99
T	0.854	-0.502	99	0	60	-1.514	34.99	2.405	3288.73	99
T	-0.231	-0.332	49	1.336	60	0	20.6	0.484	988.73	99
T	-1.212	-0.408	32	0	60	0	27.47	0.826	1313.73	91
T	-0.352	0.356	14	0	56.42	0	28.36	1.179	467.73	39
T	0.384	1.289	81	0	60	0	28.91	0.796	3541.73	99
T	1.534	-1.523	29	4.043	60	0	5.11	0.193	127.73	99
T	-0.489	-0.914	174	0	59.98	0	34.79	0.881	7237.73	99
T	2.007	1.352	41	0	60	0	15.8	0.941	647.73	99
T	0.78	1.169	168	0	60	-1.245	33.85	0.968	5483.73	99
T	-0.166	-0.936	9	0	60	0	33.19	1.402	298.74	27
T	-0.426	0.941	38	2.261	59.8	-1.324	10.68	0.223	373.73	99
T	0	-1.645	6	0	60	0	7.55	0.368	37.73	75
T	0.881	0.384	30	0	60	0	11.59	1.022	289.73	99
T	-0.464	-0.19	64	12.671	60	0	17.31	0.268	657.73	99
T	1.02	0.409	35	0	60	0	29.78	1.675	1611.73	99
T	0.885	-1.086	117	0	60	0	32.54	1.981	4233.73	99
T	-0.338	1.641	221	8.665	60	0	16.73	0.361	3697.73	99
T	0.535	0.191	137	3.24	60	0	20.17	0.434	2561.73	99
T	0.808	0.889	123	0	60	0	35.51	1.53	5273.73	99
T	-0.566	0.385	107	0	60	0	29.36	2.027	3919.73	99
T	-1.126	0.177	72	2.173	60	0	23.35	0.41	1517.73	99
T	-1.467	-1.876	170	0	59.82	-1.063	15.28	0.616	2536.73	99
T	0.832	-2.088	112	1.782	60	0	11.19	0.459	1185.73	99
T	-1.15	-0.816	150	0	41.36	0	33.24	0.98	4653.73	99
T	-0.024	-1.717	106	6.542	57.51	-6.543	14.71	1.321	1500.73	99
T	-1.302	-0.241	57	2.276	60	0	6.2	0.21	297.73	99
T	-0.308	-2.32	136	0	60	0	34.21	0.856	5734.73	99
T	1.363	-1.261	162	0	60	0	30.53	0.706	5388.73	99
T	0.02	0.143	44	0	60	0	29.67	2.409	1573.73	99
T	-0.662	-1.375	71	0	60	0	28.08	1.112	2242.73	99
T	1.285	-0.707	127	0	60	0	32.6	1.01	4475.73	99
T	-1.45	-0.827	73	1.358	60	0	10.59	0.469	645.73	99
T	1.011	0.023	396	0	59.99	-0.221	26.07	0.983	13208.7	99
T	1.703	0.594	68	1.843	59.75	-0.578	33.72	0.283	1483.73	99
T	1.633	0.861	41	2.928	60	0	19.55	0.34	664.73	99
T	0.805	0.964	90	6.121	59.53	0	19.77	0.784	948.73	99
T	5.452	0.421	89	6.729	60	0	14.92	1.851	1327.73	99
T	-0.116	0.052	106	5.779	59.75	-0.634	18.07	0.307	1897.73	99
T	-2.398	0.159	123	0	60	0	28.55	0.931	4912.73	99
T	1.555	-0.526	42	4.607	60	0	14.33	0.86	601.73	99
T	1.845	0.463	17	3.14	60	0	12.81	2.093	217.73	99
T	5.143	-0.063	54	1.143	60	0	10.85	0.42	585.73	99
T	0.667	-1.813	35	0	60	0	30.51	1.255	884.73	87
T	0	1.307	154	3.138	60	0	29.3	1.108	5726.84	16
T	-2.754	-1.208	142	0	60	0	29.13	1.364	6472.73	99
T	-1.482	1.629	44	1.424	60	0	15.27	1.029	656.73	99
T	-1.497	0.328	22	0	60	0	25.81	1.609	139.52	7
T	-0.544	-0.581	121	0	60	0	12.73	0.804	1310.73	99
T	-1.625	-3.26	26	0	60	0	33.91	1.697	881.73	78
T	0.62	-2.989	4	0	41.34	0	23.42	2.833	70.25	9
T	2.182	0.516	203	0	60	0	27.55	1.27	6964.73	99
