Class	FDP	FAO	QD	FSAF	FSAR	FXX	LEN	HRUN	RBI	VARB	STB	STBP	MLLD	SSEN	SSEP	SSSB	QUAL	GQ
F	74	55	36.146	50	5	0.0864091	3	2	0.323547	0.0327223	0.5	1	163.047	0	0	0	668.7	39
F	70	0	14.0799	0	0	0.0140825	2	7	0.0399466	-0.119032	0.5	1	8.48624	0	0	-0.782861	246.399	9
F	57	25	1.52321	21	4	0	1	7	0.157743	0.13129	0.630782	0.151	11.0179	0	0	0.0325653	21.7058	21
F	262	0	30.7391	0	0	0.0223872	2	4	0.392354	0	0.5	1	7.03704	0	0.294118	-0.102781	2013.41	92
F	189	28	1.8317	14	14	0.0257719	2	7	0.00360996	0.00157595	0.580097	0.336	248.875	0	0	-0.0451508	86.5477	20
F	58	0	15.5253	0	0	0.0169463	1	6	0.318292	0.0760225	0.5	1	9.35216	0	0	-0.79802	225.118	34
F	105	105	21.7171	42	63	0.00943307	1	2	0.155656	0.00512025	0.5	1	24.4477	0	0	-0.745496	570.074	99
F	51	42	27.1113	31	11	0	1	0	0.741835	0.0655187	0.5	1	12.9435	0	0	-0.110519	345.67	9
F	143	108	37.233	74	34	0.0337815	1	0	0.116526	0.0399394	0.5	1	45.0168	0	0	0	1331.08	45
F	31	23	32.224	23	0	0	1	0	0.144583	-0.00342868	0.999148	0.017	30.7588	0	0	0.865825	249.736	17
F	15	0	36.3069	0	0	0.062461	1	1	0.0612791	0	0.5	1	133.956	0	0	0	136.151	5
F	61	52	33.083	0	52	0	1	4	0.349697	0.0369514	0.5	1	18.0482	0.378378	0	0	504.516	9
F	89	89	20.879	21	68	0.299189	3	7	0.207005	-0.0116745	0.5	1	23.2193	0	0	-0.124737	464.557	93
F	214	68	37.6218	28	40	0.02283	120	1	0.0624065	-0.00824127	0.5	1	198.477	0	0	-3.51495e-08	50	99
F	86	76	9.31207	10	66	0	1	0	0.0633274	0.0722534	0.540291	0.143	17.8294	0	0	-0.391229	200.21	14
F	106	1	20.9671	1	0	0.116657	2	7	0.44889	0.0286591	0.5	1	18.3127	0	0	-0.251032	555.629	33
F	258	70	37.5425	25	45	0.0190107	120	1	0.0675203	-0.00913838	0.5	1	194.077	0	0	-0.0141746	50	99
F	37	32	14.6199	14	18	0.0512689	2	4	0.144158	0.0350876	0.521263	0.519	21.5284	0.384615	0	0.112222	135.234	15
F	197	197	22.9412	77	120	0.00505025	1	0	0.110586	0.000226453	0.5	1	41.2754	0	0	-0.321706	1129.85	99
F	23	23	19.2684	7	16	0	1	2	0.232335	0.0296633	0.5	1	16.3894	0	0	-0.0363634	110.794	23
F	281	277	36.0569	156	121	0.0209052	1	1	0.15534	0.000829598	0.5	1	156.654	0	0	0	2533	71
F	109	0	30.4278	0	0	0.00909008	2	5	0.236283	0	0.5	1	7.87767	0.425	0	0.26951	829.158	3
F	10	2	38.5948	0	2	0	1	0	0.0762097	0.00570475	0.5	1	114.074	0	0	0	96.4871	9
F	18	7	22.9973	0	7	0	1	0	0.142994	0.248003	0.5	1	17.6101	0	0	0	103.488	28
F	60	60	21.1841	27	33	0.0322529	1	0	0.0330622	3.35708e-05	0.5	1	235.689	0	0	0.798001	317.761	70
F	53	47	35.3994	47	0	0	1	2	0.572757	0.0407892	0.5	1	20.8646	0	0	0	469.043	4
F	89	89	17.8536	41	48	0.160362	1	0	0.104244	0.000143361	0.5	1	155.89	0	0	0.748189	397.242	94
F	54	46	35.1957	24	22	0	1	2	0.968645	0.0693053	0.5	1	20.0044	0	0	0.785072	475.142	8
F	116	99	7.37524	75	24	0.00854628	1	0	0.210564	0.171519	0.543469	0.06	11.8855	0	0	0.114994	213.882	10
F	78	52	29.9002	17	35	0.0126566	1	2	0.929944	0.0288481	0.5	1	14.9036	0	0	0.888512	583.054	58
F	86	84	19.7407	17	67	0.0114929	2	4	0.220473	0.00352341	0.510582	0.371	26.8344	0.358824	0	-0.449961	424.426	71
F	106	41	0.902371	27	14	0.0363603	2	6	0.116932	0.129491	0.816728	0	25.7658	0.422222	0	0.504163	23.9128	23
F	51	44	20.1988	12	32	0.0192271	1	5	0.348623	0.050411	0.507689	0.606	10.5583	0.398148	0.375	0	257.535	7
F	156	14	1.90178	6	8	0.0714243	18	1	0.0352733	0.0132187	0.530929	0.843	168.195	0	0	-0.077114	74.1693	45
F	17	2	35.2494	0	2	0.105208	1	1	0.140002	-0.00975631	0.5	1	14.5963	0	0	0	149.81	7
F	126	126	23.3003	43	83	0.0526276	4	3	0.0251078	2.38732e-05	0.5	1	217.194	0	0	-3.51495e-08	733.961	99
F	166	0	19.5064	0	0	0.0514256	3	3	0.454001	0	0.5	1	18.5398	0	0	0.905219	809.515	99
F	56	0	5.58003	0	0	0.0666556	2	2	0.0328531	0	0.5	1	141.537	0	0	0.322201	78.1204	19
F	31	0	9.57453	0	0	0.224944	2	8	0.140005	0	0.5	1	12.7203	0	0	0.0508469	74.2026	6
F	53	47	35.3994	47	0	0	39	2	0.572757	0.0407892	0.5	1	20.8646	0	0	0	12	99
F	350	128	9.80427	85	43	0.00284892	1	1	0.0315083	0.0133532	0.649802	0	82.7969	0	0	0.787942	857.874	99
F	128	128	38.5394	21	107	0	1	1	0.111913	0.000943564	0.5	1	77.7998	0	0	0	1233.26	58
F	27	25	35.5038	20	5	0.0999667	1	1	0.221693	-0.00405792	0.545416	0.11	29.2032	0	0	0	239.65	5
F	142	59	1.12318	15	44	0.0206882	1	1	0.029369	0.148237	0.740303	0	14.3218	0	0	-0.437098	39.8728	39
F	73	34	18.3826	2	32	0.0394685	1	15	0.168799	-0.0885618	0.5	1	3.14821	0	0	-0.192304	335.483	99
F	205	205	23.0358	45	160	0	1	0	0.124424	0.000447424	0.5	1	49.9565	0	0	-0.282935	1180.59	99
F	30	0	14.0199	0	0	0.117612	5	1	0.0220908	0	0.5	1	169.332	0	0	0.766476	105.149	53
F	92	55	16.9782	24	31	0.0515411	1	5	0.538637	0.0266836	0.5	1	9.50473	0	0	0.0767492	390.498	27
F	153	153	10.3318	30	123	0	1	5	0.0775369	-0.00490336	0.5	1	6.38578	0.404762	0	0.125363	395.19	84
F	175	175	24.6772	93	82	0.0540511	1	6	0.0774041	-0.00179288	0.5	1	10.5281	0	0.444444	-0.159908	1079.63	41
F	29	16	4.54656	11	5	0.0333222	1	2	0.101532	0.13709	0.573365	0.42	13.9318	0	0	0.290727	32.9625	13
F	72	61	24.8698	34	27	0.0769132	1	3	1.00187	-0.0361523	0.5	1	11.0732	0	0	-0.880333	447.657	10
F	58	56	15.5253	17	39	0.0169463	2	6	0.14742	-0.0141844	0.512496	0.429	18.0516	0.358491	0	-0.0451957	225.118	34
F	20	12	36.9046	0	12	0	1	1	0.0591684	0.0311362	0.5	1	26.6841	0	0	0	184.523	34
F	92	58	30.8063	0	58	0	1	4	0.172701	0.00622036	0.5	1	16.1137	0	0	0	708.545	99
F	187	101	3.2501	47	54	0.0209413	1	0	0.0228914	0.00156725	0.542619	0.207	30.3058	0	0	-0.279183	151.942	89
F	172	94	3.31947	53	41	0.039104	1	0	0.0376855	0.0499508	0.554043	0.139	198.435	0	0	-0.717361	142.737	83
F	176	31	35.0511	1	30	0	1	1	0.00489093	0.0141015	0.5	1	105.608	0	0	0	1542.25	25
F	136	136	17.4869	95	41	0.0144917	1	7	0.188525	-0.00404778	0.5	1	7.99876	0	0	-0.0532367	594.554	22
F	167	24	0.718453	13	11	0.0346801	1	7	0.0291394	0.0922196	0.573266	0.443	6.30969	0	0	0.0898233	29.9954	16
F	38	0	29.8053	0	0	0	1	4	0.448037	0.0115479	0.5	1	11.5932	0	0.365079	0	283.15	6
F	25	13	3.39435	10	3	0	1	1	0.184689	0.124955	0.512801	0.986	14.9107	0	0	0.0666957	21.2147	17
F	331	331	18.241	175	156	0.0264698	1	4	0.137383	-0.00102543	0.5	1	14.1157	0.361111	0	0.142025	1509.45	99
F	154	1	2.29517	1	0	0.104645	2	8	0.0608478	-0.089861	0.992116	0.27	11.1241	0	0	0.367316	88.3641	10
F	155	83	3.01677	50	33	0.0189861	1	0	0.0285714	-0.029471	0.586833	0.026	24.6695	0	0	-0.0709854	116.9	77
F	106	90	28.971	14	76	0.0275204	1	5	0.408965	0.0198501	0.5	1	15.1095	0	0	-0.299178	767.731	9
F	201	108	37.4239	36	72	0	1	1	0.0345341	-0.0125322	0.5	1	198.349	0	0	0	1880.55	99
F	136	136	38.4554	77	59	0.00729874	1	2	0.123329	-0.00149189	0.5	1	29.5327	0	0	0	1307.48	61
F	139	139	36.9543	60	79	0.0479419	1	2	0.203557	-0.00287541	0.5	1	23.632	0	0	0	1284.16	60
F	53	53	37.6136	26	27	0	1	1	0.0475494	4.64721e-05	0.5	1	147.434	0	0	3.83186e-08	498.38	24
F	48	45	13.3052	31	14	0	1	5	0.23138	0.0334763	0.525412	0.217	12.1324	0	0	-0.00274914	159.662	20
F	396	396	38.1	159	237	0.005025	1	1	0.0130987	0.000104982	0.5	1	76.0599	0	0	0	3771.9	99
F	236	36	5.14915	0	36	0.0634895	2	5	0.0396119	0.0691914	0.999801	0	19.9111	0	0.378947	-0.889487	303.8	54
F	15	13	12.4759	4	9	0	1	6	0.19039	0.04068	0.59984	0.122	11.6432	0	0.367347	-0.179011	46.7847	6
F	31	22	19.8166	0	22	0.0312402	1	3	0.142967	0.0816034	0.5	1	9.81019	0	0.386364	0	153.579	9
T	185	69	0.795558	30	39	0.079598	3	1	0.00235545	0.119256	0.557214	0.251	167.541	0	0	-0.0853802	36.7945	36
T	54	54	22.4313	34	20	0	1	1	0.131501	0.0033539	0.5	1	26.0891	0	0	0.0100868	302.822	64
T	206	0	15.2398	0	0	0.00483068	2	8	0.101865	-0.0914476	0.5	1	9.69101	0	0	-0.134238	784.85	99
T	120	120	22.8408	69	51	0	1	2	0.0900508	0.00130995	0.5	1	24.177	0	0	0.0552548	685.223	99
T	110	108	22.092	56	52	0.0178555	3	1	0.0654711	0.00106837	0.500337	0.863	270.552	0	0	0.000997665	607.53	99
T	89	50	2.82653	20	30	0.0219756	1	5	0.204967	-0.012571	0.539155	0.435	10.8583	0	0	-0.18109	62.8904	29
T	131	70	10.5052	27	43	0.0774593	9	1	0.0419856	0.0549605	0.54542	0.262	269.917	0	0	-0.0825097	344.044	99
T	65	34	3.51837	24	10	0	3	1	0.026785	0.00296403	0.647851	0.063	415.586	0	0	-0.308713	57.1735	42
T	79	79	23.5318	56	23	0.0124984	1	1	0.220231	0.00467204	0.5	1	30.3407	0	0	0.00510477	464.753	98
T	95	51	3.57791	18	33	0.0104156	3	2	0.00911723	-0.00561562	0.505403	0.929	349.547	0	0	-0.017178	84.9753	53
T	110	94	13.8356	45	49	0.0833264	9	1	0.0340111	0.0144919	0.548427	0.019	253.924	0	0	-0.447277	380.48	22
T	79	79	21.7985	15	64	0.048187	1	5	0.245945	-0.00187855	0.5	1	22.1069	0	0	3.55885e-08	430.521	86
T	162	162	23.092	28	134	0	2	2	0.0642174	-0.000632493	0.5	1	294.505	0	0	3.48374e-08	935.226	99
T	129	115	16.1347	52	63	0.015266	3	1	0.0694706	0.00796568	0.551655	0.001	259.789	0	0	-0.101354	520.343	47
T	400	201	2.57962	114	87	0	4	1	0.0262192	0.0131716	0.515682	0.534	263.877	0	0	-0.0454778	257.962	99
T	384	186	2.22699	79	107	0.00259734	1	3	0.121449	0.00438608	0.534025	0.162	29.2788	0	0	-0.0691297	213.791	99
T	121	121	23.6517	55	66	0.0620107	3	1	0.0913253	9.73426e-05	0.5	1	327.97	0	0	0	715.465	99
T	70	29	1.58052	14	15	0.0277739	4	1	0.0424352	-0.00274826	0.525674	0.74	192.993	0	0	0.115183	27.6591	27
T	189	58	1.8317	40	18	0.0257719	1	1	0.00338255	0.0199328	0.562418	0.275	252.583	0	0	0.146377	86.5477	20
T	29	29	10.9553	18	11	0.0333222	27	7	0.043632	0.0138785	0.5	1	6.34315	0	0	0.0661342	50	99
T	198	107	3.33819	59	48	0.0099995	1	1	0.0583999	-0.00589054	0.504201	0.91	196.19	0	0	-0.0131161	165.24	98
T	168	80	2.2512	47	33	0.0614491	4	1	0.00453529	0.0220161	0.581697	0.054	321.504	0	0	-0.0196685	94.5502	94
T	99	99	23.4588	68	31	0	1	1	0.0212911	4.01049e-05	0.5	1	109.763	0	0	0	580.606	99
T	121	121	23.0839	76	45	0.00819605	1	2	0.0851413	0.0012507	0.5	1	25.3491	0	0	-0.00199117	698.288	99
T	90	90	23.5027	48	42	0	6	1	0.0226133	9.25105e-06	0.5	1	320.79	0	0	5.519e-08	528.812	99
T	68	6	23.4778	2	4	0.105249	6	1	0.105503	0.137407	0.5	1	101.523	0	0	0	399.122	33
T	99	99	22.5409	41	58	0.108098	4	1	0.0451433	-4.92582e-05	0.5	1	196.556	0	0	-0.619397	557.888	99
T	72	71	22.4175	40	31	0.0136968	6	2	0.00685534	3.33607e-05	0.507934	0.295	348.23	0	0	0.0154986	403.514	77
T	93	93	23.5852	41	52	0.0106372	3	1	0.00403212	-3.45265e-05	0.5	1	296.957	0	0	-5.49151e-08	548.356	99
T	149	145	21.2927	97	48	0.00666622	3	2	0.0495896	0.00257847	0.5101	0.175	267.609	0	0	-0.0421031	793.154	99
T	49	20	9.01065	8	12	0.0576812	3	1	0.0261535	0.150209	0.611001	0.173	101.913	0	0	-0.234869	110.38	78
T	283	107	0.745032	19	88	0.0173605	6	2	0.0704805	0.0234611	0.633835	0.002	217.304	0	0	-0.455029	52.711	52
T	155	78	2.77302	44	34	0.00640985	9	2	0.00756268	-0.015036	0.536833	0.374	328.985	0	0	-0.0670275	50	99
T	107	58	3.6726	21	37	0.0695592	4	1	0.0229483	0.0037399	0.517782	0.702	298.543	0	0	0.0765062	98.2422	55
T	176	176	23.2718	124	52	0	1	1	0.0489243	-0.000442626	0.5	1	28.3458	0	0	3.34127e-08	1023.96	99
T	130	130	19.9634	114	16	0.00763301	1	2	0.034136	0.00104519	0.5	1	13.3756	0	0	-0.0625806	648.81	99
T	267	100	0.724723	71	29	0.00743467	9	4	0.01089	0.00766103	0.642376	0	408.01	0	0	0.324881	48.3752	48
T	183	97	2.35528	48	49	0.00543449	1	5	0.0534461	0.0394747	0.508507	0.807	13.9306	0	0	0.0317163	107.754	84
T	145	145	18.6403	81	64	0.0202689	1	3	0.0821553	-0.000116984	0.5	1	11.4248	0.365854	0	0.0129959	675.71	99
T	237	139	3.18739	64	75	0.0124995	1	5	0.0489187	0.0179566	0.509023	0.738	12.6411	0	0	-0.0997106	188.853	56
T	213	126	4.63321	68	58	0.00930189	6	0	0.0117341	0.00913665	0.523308	0.434	320.985	0	0	0.046532	246.718	63
T	34	34	23.1004	24	10	0	1	2	0.193956	0.00836079	0.5	1	23.9337	0	0	0.123546	196.354	42
T	122	122	22.4013	87	35	0.0161277	1	1	0.152868	0.00219361	0.5	1	23.763	0	0	0.0818664	683.241	99
T	202	95	22.6007	45	50	0.0560721	3	1	0.0461041	0.0278743	0.5	1	74.7747	0	0	0.329641	1141.34	99
T	189	189	23.5915	102	87	0.0104707	15	3	0.0187871	2.20103e-06	0.5	1	584.616	0	0	-4.87834e-08	1114.7	99
T	35	16	2.70763	4	12	0.0277701	3	1	0.0258765	0.0172661	0.639157	0.18	281.662	0	0	-0.336569	23.6917	23
T	179	179	23.1307	79	100	0	1	2	0.0786869	0.000220711	0.5	1	26.4873	0	0	0.00259062	1035.1	99
T	210	210	23.467	99	111	0.00473911	1	2	0.032471	-5.83797e-06	0.5	1	33.9016	0	0	0	1232.02	99
T	218	107	2.41662	34	73	0.0723374	4	1	0.0128227	0.0310824	0.583116	0.023	248.659	0	0	-0.361768	131.706	99
T	170	84	2.53164	35	49	0.01734	3	7	0.158843	-0.0194793	0.523368	0.55	33.2838	0	0	0.0594586	107.595	99
T	66	41	5.84488	10	31	0.0149231	4	1	0.0179858	0.0104941	0.556156	0.279	258.398	0	0	-0.0571777	96.4405	19
T	136	88	6.24532	29	59	0	6	2	0.0379399	0.0112104	0.517926	0.609	322.584	0	0	-0.0189519	212.341	22
T	158	158	23.5211	98	60	0.0124992	1	0	0.0207094	4.97632e-05	0.5	1	351.517	0	0	0.0161188	929.083	99
T	87	87	23.675	33	54	0.0224694	1	0	0.0061434	0.000139654	0.5	1	289.882	0	0	0	514.931	99
T	266	266	23.591	111	155	0.00374518	3	1	0.0335878	-1.18594e-05	0.5	1	334.644	0	0	0	1568.8	99
T	103	54	3.30195	35	19	0.00961446	3	1	0.017296	0.0311285	0.568972	0.157	200.383	0	0	0.127172	85.0253	62
T	74	73	22.3832	36	37	0	22	2	0.119232	0.000914557	0.506847	0.525	31.018	0	0	-0.0129584	50	99
T	296	296	23.4535	89	207	0.0133329	3	1	0.0447978	1.21919e-05	0.5	1	331.778	0	0	-0.00384403	1735.56	99
T	232	232	22.8061	109	123	0.00429166	1	1	0.142228	0.00117865	0.5	1	23.0702	0	0	-0.0128934	1322.75	99
T	133	57	1.56691	22	35	0.0148137	8	1	0.00237502	0.012331	0.544026	0.381	297.154	0	0	-0.0696848	52.0997	52
T	153	153	12.6803	98	55	0.00649309	1	6	0.204933	0.00213574	0.5	1	8.85577	0	0	-0.175462	485.023	93
T	197	192	21.3867	77	115	0	3	1	0.0250871	0.000690382	0.510494	0.082	316.254	0	0	-0.0364198	1053.3	99
T	113	113	23.5457	58	55	0.0173898	1	1	0.047844	5.92408e-07	0.5	1	237.809	0	0	-0.017568	665.167	99
T	276	270	21.0845	116	154	0.0580185	6	2	0.0401779	0.000573432	0.50893	0.061	320.01	0	0	0	1454.83	99
T	201	108	3.25516	49	59	0.00495025	1	3	0.0839342	0.00668058	0.561884	0.059	25.0695	0.339869	0	0.0939449	163.572	97
T	84	44	3.39464	26	18	0.0117633	4	1	0.0221191	-0.0131157	0.579312	0.122	206.748	0	0	0.273715	71.2874	52
T	294	156	22.7272	34	122	0.0576905	6	1	0.0561231	0.0534638	0.5	1	121.596	0	0	-0.0413196	1670.45	99
T	92	38	1.46577	13	25	0	3	0	0.0164206	0.0191315	0.627852	0.036	308.304	0	0	-0.230322	33.7127	33
T	118	48	1.34642	32	16	0.0166653	9	2	0.00735478	0.0415295	0.666597	0.005	251.526	0	0	0.295325	39.7194	39
T	193	81	1.38141	48	33	0.157198	3	1	0.0170792	0.0355662	0.50877	0.834	238.294	0	0	-0.00137178	66.6532	66
T	165	152	17.7483	76	76	0.0571396	3	2	0.217166	0.0120725	0.50909	0.463	212.61	0	0	-0.0863583	732.117	82
T	207	109	3.14781	43	66	0.0189564	4	1	0.0589088	-0.0205791	0.539369	0.274	176.96	0	0	0.0310348	162.899	99
T	290	290	23.4949	135	155	0.0235682	2	2	0.0272292	-1.63959e-05	0.5	1	134.082	0	0	-4.24274e-08	1703.38	99
T	75	69	17.7237	49	20	0.0259707	3	5	0.0268296	0.00460233	0.512088	0.542	284.646	0	0	0.167703	332.319	39
T	140	64	1.95497	43	21	0.0344804	4	1	0.0492929	0.0177	0.619385	0.023	195.865	0	0	0.217876	68.4239	68
T	118	112	19.5875	54	58	0	3	1	0.0619819	0.00255166	0.517854	0.114	243.168	0	0	0.0934906	577.831	83
T	179	175	21.5983	88	87	0.00555525	1	0	0.0529351	0.000991005	0.505523	0.419	303.046	0	0	-0.010561	966.524	99
T	251	251	23.042	151	100	0.0971188	1	2	0.0539143	0.000282528	0.5	1	25.4734	0	0	0.0908524	1445.89	99
T	268	131	2.3768	92	39	0.082189	3	2	0.0247819	0.01602	0.548078	0.156	301.424	0	0	0.0804794	159.246	99
T	227	110	2.33941	66	44	0.0130429	6	2	0.0194864	0.0228114	0.523632	0.489	318.64	0	0	0.0789069	132.761	99
T	298	298	23.5818	139	159	0.00666644	1	2	0.0591443	-0.000269785	0.5	1	35.2094	0	0	0	1756.84	99
T	253	117	1.91515	83	34	0.112277	3	2	0.042726	0.00741387	0.582441	0.011	293.242	0	0	0.157042	121.133	99
T	160	160	23.3691	71	89	0	1	2	0.0590326	-0.000656624	0.5	1	26.1591	0	0	-6.99165e-08	934.762	99
T	296	251	36.7973	105	146	0	1	1	0.172267	-0.0111245	0.5	1	27.5123	0	0	-0.00916327	2723	20
T	265	119	1.72535	51	68	0.0111936	3	3	0.0151945	0.00526569	0.533328	0.337	200.572	0	0	0.0655731	114.304	99
T	155	147	19.4536	61	86	0.0189861	3	2	0.0331808	0.00174947	0.51112	0.244	265.954	0	0	-0.0190585	753.828	99
T	257	257	23.3192	140	117	0.00772171	6	1	0.129938	0.000793301	0.5	1	28.3765	0	0	-0.0103976	50	99
T	190	90	2.19214	52	38	0.0206175	3	3	0.0229222	0.00522294	0.551875	0.187	152.544	0	0.336103	0.0976538	104.127	99
T	291	139	1.52225	70	69	0.0202013	1	5	0.0538545	-0.000398397	0.518743	0.529	13.7942	0.358974	0	-0.0338982	110.744	99
T	223	102	1.86362	40	62	0.0176204	6	0	0.0219109	0.00929933	0.548564	0.179	345.28	0	0	-0.0988095	103.897	99
T	245	131	3.32198	75	56	0.0120963	3	3	0.0154072	-0.00321519	0.554433	0.062	159.718	0	0.336103	0.0997433	203.471	99
T	54	54	23.1601	35	19	0.0847314	3	1	0.0705098	0.000370188	0.5	1	157.242	0	0	0	312.661	66
T	239	128	3.32172	68	60	0.0284541	6	3	0.0550891	0.0683263	0.591214	0.003	139.783	0	0	0.148212	50	99
T	80	33	1.5136	10	23	0	3	1	0.0309204	0.0186406	0.549831	0.529	259.163	0	0	0.340909	30.272	30
T	150	150	23.3941	72	78	0.00662208	1	1	0.0885592	0.000977032	0.5	1	27.4227	0	0	0	877.277	99
T	54	30	4.14595	19	11	0.0357079	3	1	0.0186196	0.0162004	0.561655	0.319	238.05	0	0	0.257727	55.9704	30
T	91	89	21.7743	38	51	0.116494	2	1	0.239132	0.00657283	0.509613	0.232	64.9701	0	0	0.029269	495.366	89
T	174	174	13.3042	76	98	0	1	4	0.249312	-0.0111543	0.5	1	8.61484	0	0	0.0402636	578.734	99
T	284	284	23.5736	126	158	0.00350865	1	0	0.0131828	8.71051e-06	0.5	1	333.819	0	0	0.00611276	1673.72	99
T	339	111	7.27924	61	50	0.00294109	3	1	0.00704058	0.0295556	0.583918	0.02	198.777	0	0	-0.295025	616.916	99
T	43	23	3.90499	10	13	0.0227221	3	1	0.00118546	0.0354421	0.576546	0.3	232.092	0	0	0.0759084	41.9787	28
T	399	399	23.4651	218	181	0.00249994	1	2	0.0628549	-0.000203484	0.5	1	32.4844	0	0	0	2340.65	99
T	122	115	19.1964	54	61	0.00812942	3	1	0.0270537	0.0025325	0.514067	0.219	219.469	0	0	0.0284792	585.49	80
T	99	99	23.605	57	42	0.0388312	3	1	0.0612109	0.00020974	0.5	1	182.991	0	0	0	584.223	99
T	102	102	22.4643	60	42	0.0097078	1	1	0.0744077	0.00131835	0.5	1	25.2796	0	0	0.0146903	572.839	99
T	84	84	23.5617	61	23	0.0232531	10	1	0.0327596	1.43529e-05	0.5	1	310.861	0	0	0	494.796	99
T	84	83	21.4625	43	40	0.0117633	1	1	0.14091	0.00176852	0.505746	0.516	22.3546	0	0	-0.0100282	450.712	86
T	186	186	23.6348	92	94	0.0106377	2	1	0.0529651	-3.79065e-06	0.5	1	151.542	0	0	0	1099.02	99
T	202	107	22.6007	39	68	0.0560721	6	1	0.0334935	0.0481956	0.5	1	143.912	0	0	0.173705	1141.34	99
T	14	14	23.7697	9	5	0	1	1	0.0254794	-9.84094e-05	0.5	1	295.796	0	0	0	83.194	18
T	375	191	2.75042	80	111	0.0624984	1	0	0.0169585	-0.000952336	0.526961	0.27	144.41	0	0	-0.0491218	257.852	99
T	105	59	4.09798	22	37	0.0948194	4	1	0.0237602	-0.00269866	0.508588	0.87	298.255	0	0	0.0131761	107.572	47
T	80	77	20.7239	37	40	0	3	1	0.0553106	0.000661622	0.519475	0.124	233.524	0	0	0.225	414.479	67
T	239	128	3.32172	68	60	0.0284541	3	3	0.0550891	0.0683263	0.591214	0.003	139.783	0	0	0.148212	198.473	99
T	134	121	16.6319	27	94	0.0218962	3	3	0.0645632	0.00665086	0.588333	0	249.604	0	0	0	557.168	53
T	259	86	0.402707	29	57	0.00384601	6	2	0.0321172	0.020945	0.639949	0.001	185.92	0	0	-0.337201	26.0753	26
T	128	128	21.9861	88	40	0	1	2	0.00627521	0.000271044	0.5	1	19.6166	0	0	-0.0575426	703.556	99
T	276	276	23.5552	121	155	0.00719399	3	1	0.0448975	2.59317e-05	0.5	1	199.929	0	0	-4.65514e-08	1625.31	99
T	200	190	19.4464	118	72	0.00497488	3	1	0.0955938	0.000988016	0.501117	0.899	301.262	0	0	0.0613642	972.321	99
T	211	205	21.1382	91	114	0	3	2	0.0572753	0.00235714	0.501615	0.778	245.44	0	0	-0.0180077	1115.04	99
T	66	66	23.5171	28	38	0.0833218	5	2	0.0409884	6.3999e-05	0.5	1	335.287	0	0	0	388.032	81
T	95	52	3.81762	16	36	0.0404	3	2	0.00780404	0.00684241	0.50943	0.87	326.937	0	0	-0.0126476	90.6684	48
T	272	148	3.44471	80	68	0.0144922	1	3	0.0889376	-0.00504973	0.511181	0.716	25.2449	0	0	0.0139603	234.24	99
T	105	103	21.9847	76	27	0	4	3	0.00623363	0.000870972	0.505822	0.531	338.433	0	0.346154	0	577.098	99
T	300	287	19.9052	159	128	0.0131575	15	1	0.0793058	0.00351601	0.516237	0.009	276.961	0	0	-0.106299	50	99
T	133	73	3.74113	41	32	0	2	5	0.0529228	-0.00284556	0.543035	0.277	34.1868	0	0	0.03844	124.393	62
T	277	271	21.11	154	117	0.0513681	3	1	0.0795036	0.000888227	0.505178	0.278	300.741	0	0	-0.0870584	1461.87	99
T	221	221	23.206	112	109	0	1	1	0.112331	0.000840589	0.5	1	31.1868	0	0	0.00011813	1282.13	99
T	77	76	22.5845	52	24	0.0374953	3	1	0.0429319	0.00015448	0.504761	0.606	243.786	0	0	-0.00918851	434.751	83
T	125	125	22.8177	81	44	0.00793588	1	1	0.179404	0.000280199	0.5	1	24.3816	0	0	-0.0742825	713.054	99
T	43	19	2.29297	11	8	0	3	1	0.0409239	0.0334388	0.575759	0.422	213.897	0	0	-0.133281	24.6494	24
T	121	53	1.73391	23	30	0.00819605	3	2	0.0216747	0.0188981	0.572927	0.195	207.025	0	0	0.125242	52.4507	52
T	115	60	3.26157	34	26	0.115376	12	1	0.0187898	0.0230504	0.525244	0.572	263.776	0	0	0	93.7701	67
T	69	5	23.508	1	4	0.0920931	6	1	0.131372	0.116788	0.5	1	66.8117	0	0	0	405.514	40
T	191	103	3.24186	61	42	0	1	2	0.0931081	-0.00635071	0.543281	0.201	22.8567	0	0	0.0803161	154.799	88
T	108	105	20.8545	51	54	0.00917347	3	4	0.0105385	-0.000127446	0.505028	0.485	335.198	0	0	-0.00151882	563.07	94
T	31	21	21.2015	14	7	0.0605877	2	0	0.0218759	-0.00577287	0.533301	0.246	154.046	0	0	0.114826	164.312	5
T	104	96	17.9706	48	48	0.0095229	3	1	0.0121497	7.56355e-06	0.538454	0.006	317.176	0	0	0.0741652	467.234	55
T	248	112	1.78041	60	52	0.0274499	3	2	0.017849	-0.00558582	0.519627	0.593	288.388	0	0	0.0569889	110.385	99
T	214	106	2.54367	57	49	0.00925883	4	2	0.0117575	0.00884478	0.537446	0.274	329.822	0	0	-0.0632166	136.087	99
T	274	274	23.3002	122	152	0.0249101	3	1	0.0375914	-2.43687e-05	0.5	1	353.626	0	0	0	1596.06	99
T	396	396	22.9733	201	195	0.00999975	1	2	0.0449294	-0.000140372	0.5	1	26.8832	0	0	-0.00674601	2274.35	99
T	73	43	5.02124	20	23	0.0987532	3	1	0.0102198	0.0443316	0.528048	0.599	205.526	0	0	-0.0798991	91.6376	27
T	136	136	23.3536	79	57	0.0993312	4	1	0.0632919	-0.000100383	0.5	1	234.891	0	0	0.0695338	794.023	99
T	26	15	5.23248	10	5	0.212057	9	1	0.0510979	0.038265	0.555479	0.513	226.176	0	0	0.109955	34.0111	16
T	58	24	1.67718	22	2	0	3	1	0.026098	0.0121251	0.509251	0.965	399.406	0	0	0.0244954	24.3191	24
T	193	193	23.0063	89	104	0	1	2	0.07738	0.000760051	0.5	1	27.1646	0	0	0.00383016	1110.05	99
T	386	188	2.24412	129	59	0.0349991	1	1	0.0101766	0.0435212	0.523234	0.363	225.663	0	0	0.197617	216.557	99
T	92	91	22.866	54	37	0.079992	4	3	0.0223352	-0.000465183	0.504586	0.513	295.103	0	0.346154	5.68294e-08	525.917	99
T	247	116	2.05991	74	42	0.0313713	3	1	0.0168894	0.00943749	0.502489	0.953	137.087	0	0	-0.00815642	127.2	99
T	394	227	4.1429	121	106	0.0149996	35	2	0.0114665	-0.00291484	0.500045	0.999	1378.15	0	0	0.00506186	408.076	99
T	388	187	2.21057	86	101	0.0299992	3	2	0.00650111	-0.00550131	0.537541	0.148	272.575	0	0	-0.0823877	214.425	99
T	296	273	17.6073	161	112	0.0231015	15	1	0.093424	0.00348421	0.501522	0.873	279.568	0	0	0.0102596	50	99
T	211	211	22.5592	95	116	0.0231471	1	3	0.0859911	-0.000376926	0.5	1	22.2987	0.365854	0	0	1190	99
T	44	19	7.03837	14	5	0.169779	3	1	0.0499365	0.0778629	0.566401	0.503	140.88	0	0	0.363298	77.4221	77
T	105	61	4.51719	30	31	0.0707902	3	1	0.00548171	0.00334859	0.588885	0.046	345.041	0	0	-0.159716	118.576	40
T	99	53	3.55721	32	21	0.009999	3	3	0.0102764	0.0102511	0.528915	0.563	280.138	0	0	0.0744285	88.0409	55
T	147	147	22.1487	94	53	0.0067563	1	2	0.0365026	0.000430702	0.5	1	19.5954	0	0	-0.0781097	813.966	99
T	74	38	3.20612	18	20	0	3	1	0.0158832	0.0166455	0.539752	0.499	319.805	0	0	-0.0499173	59.3133	50
T	187	89	2.21817	47	42	0.00531887	3	2	0.0555272	0.0236889	0.506694	0.851	188.485	0	0	-0.0193032	103.699	99
T	82	82	23.3046	46	36	0	1	1	0.116475	0.00255429	0.5	1	29.6351	0	0	0.0137211	477.745	99
T	64	26	1.4314	20	6	0.0447694	3	3	0.0277785	0.0475027	0.584546	0.327	247.45	0	0	0.197727	22.9024	22
T	136	65	2.32018	24	41	0.0489476	1	1	0.037984	-0.0161444	0.574206	0.117	31.2253	0	0	-0.206367	78.8861	78
T	216	216	23.5986	108	108	0	15	3	0.0131966	3.50646e-06	0.5	1	633.516	0	0	3.73456e-08	1274.33	99
T	308	308	19.6774	148	160	0.0191077	1	6	0.105992	-0.00100913	0.5	1	16.608	0	0	0.0253758	1515.16	99
T	52	52	23.6547	16	36	0.0545355	3	3	0.0244272	0.00144881	0.5	1	330.113	0	0	-0.178276	307.511	65
T	86	34	1.33963	6	28	0.418891	18	1	0.02983	0.0276605	0.669005	0.022	339.515	0	0	-0.394628	28.8021	28
T	83	64	10.7228	19	45	0.0119033	3	1	0.0102304	0.0288333	0.597726	0.002	206.955	0	0	-0.383983	222.497	4
T	200	190	19.4464	118	72	0.00497488	15	1	0.0955938	0.000988016	0.501117	0.899	301.262	0	0	0.0613642	50	99
T	171	171	22.5272	99	72	0	1	2	0.0921648	0.0024167	0.5	1	25.0965	0	0	-0.019413	963.039	99
T	377	169	1.65864	85	84	0.0574986	3	1	0.0231023	0.065028	0.508978	0.754	131.182	0	0	0.238293	156.326	99
T	219	106	2.33767	63	43	0.0309721	3	0	0.00594252	0.0106594	0.569875	0.048	300.24	0	0	0.113705	127.988	99
T	58	58	23.3593	34	24	0	1	1	0.0477697	-3.54824e-05	0.5	1	292.216	0	0	0.0200576	338.71	71
T	61	60	13.4377	31	29	0	1	8	0.17105	0.0133201	0.508472	0.332	10.2064	0	0	-0.0944129	204.925	36
T	169	97	4.2112	60	37	0.00588201	4	1	0.00958602	-0.000917233	0.564038	0.061	261.575	0	0	0.110939	10	99
T	392	226	4.11329	142	84	0.0199995	3	3	0.0209391	0.00226849	0.500821	0.974	231.814	0	0	0.00544065	403.102	99
T	193	104	3.46264	48	56	0.110594	12	1	0.0170042	0.0226031	0.607236	0.001	226.141	0	0	-4.28865e-08	167.072	93
T	69	33	2.55196	28	5	0.0416609	18	1	0.0363027	0.0526985	0.695573	0.152	182.268	0	0	-0.424872	44.0213	43
T	399	209	2.50794	115	94	0.00249994	1	5	0.243257	-0.0279285	0.524048	0.283	14.5128	0	0	-0.0179123	250.167	99
T	159	159	23.6557	62	97	0.0479013	3	1	0.106811	8.85625e-05	0.5	1	334.544	0	0	0	940.315	99
T	51	29	4.72635	25	4	0.0377287	3	2	0.0411939	0.0726749	0.702646	0.01	120.286	0	0	0.302304	60.261	25
T	133	60	1.90528	46	14	0.00746213	3	2	0.0122352	0.022391	0.634624	0.013	191.122	0	0	0.226554	63.3507	63
T	30	30	22.9785	23	7	0.0322477	6	2	0.126103	0.0079351	0.5	1	26.8195	0	0	-0.0404935	50	99
T	162	89	3.70381	44	45	0	1	1	0.0161526	0.00702882	0.531438	0.411	282.056	0	0	0.0479694	150.004	74
T	182	182	21.7042	83	99	0.010869	1	2	0.108999	0.00119261	0.5	1	21.4527	0	0	-0.0126878	987.542	99
T	104	104	22.8808	81	23	0.0095229	1	1	0.0687853	0.000470636	0.5	1	87.6546	0	0	0	594.901	99
T	228	206	16.602	119	87	0.0617259	3	1	0.0457903	0.00120929	0.533104	0.001	233.023	0	0	-0.0690623	946.313	89
T	204	198	21.0586	123	75	0.00487781	3	2	0.0621436	0.00187849	0.50378	0.544	247.763	0	0	-0.0230266	1073.99	99
T	277	271	21.11	154	117	0.0513681	15	1	0.0795036	0.000888227	0.505178	0.278	300.741	0	0	-0.0870584	50	99
T	153	57	0.77192	21	36	0	1	0	0.0122033	0.0312823	0.531965	0.539	280.017	0	0	-0.0446641	29.5259	29
T	69	34	2.7974	27	7	0.0142837	2	2	0.0220722	-0.0104379	0.551839	0.559	62.3663	0	0	-0.0241737	48.2551	47
T	196	196	22.8858	107	89	0.00507588	1	2	0.176435	0.00146423	0.5	1	25.9842	0	0	-0.00198626	1121.41	99
T	198	198	23.0886	81	117	0.0917389	2	1	0.0839817	0.000160261	0.5	1	251.397	0	0	-0.0170152	1142.88	99
T	290	290	23.395	118	172	0.013605	1	1	0.0618236	0.00038517	0.5	1	29.7235	0	0	-0.00405854	1696.14	99
T	115	57	2.76472	21	36	0.0799936	4	1	0.018651	0.00422943	0.515117	0.758	322.854	0	0	0	79.4856	77
T	101	101	23.3978	67	34	0.0380916	1	1	0.0864492	6.94463e-05	0.5	1	253.369	0	0	0.0278767	590.795	99
T	38	38	23.4732	15	23	0	1	2	0.090629	0.00257289	0.5	1	28.4417	0	0	0	222.995	47
T	55	51	18.609	22	29	0.179078	2	1	0.221332	0.0153059	0.523456	0.261	57.104	0	0	-0.0380467	255.874	33
T	106	45	1.57941	19	26	0	3	0	0.0112605	0.0130964	0.517055	0.766	285.614	0	0	0.0167498	41.8544	41
T	230	186	11.8167	72	114	0	3	5	0.026122	0.00245764	0.566507	0	305.004	0	0	-0.143029	679.463	18
T	123	123	23.3812	58	65	0	1	0	0.0858289	0.00116692	0.5	1	35.2696	0	0	0.0150739	718.97	99
T	67	67	23.5168	39	28	0	1	1	0.145023	-0.00145151	0.5	1	32.9211	0	0	0.00490527	393.906	83
T	150	150	23.1586	84	66	0.00662208	3	1	0.00576626	3.64399e-06	0.5	1	298.645	0	0	-0.00562915	868.449	99
T	100	54	3.57419	21	33	0.0740672	13	2	0.023601	0.0223377	0.52004	0.694	349.958	0	0	0.0477398	89.3548	53
T	210	99	2.07544	56	43	0.0232547	6	3	0.0866442	0.0552542	0.501028	0.99	125.327	0	0	-0.175082	50	99
T	136	75	3.83622	41	34	0.0285694	3	7	0.0809092	-0.00796811	0.502569	0.935	37.4398	0	0	0.0291463	130.431	59
T	154	154	23.6004	85	69	0.0128197	1	0	0.0142185	1.26201e-05	0.5	1	358.9	0	0	-0.0056971	908.617	99
T	212	110	2.99272	44	66	0.0185177	3	2	0.0106562	0.0186855	0.508874	0.791	309.114	0	0	0.0518002	158.614	99
T	151	78	3.03901	47	31	0.013071	3	2	0.042493	0.0365026	0.506804	0.877	199.149	0	0	-0.000334675	114.723	91
T	77	43	4.1078	32	11	0.0374953	2	2	0.0311455	-0.00754898	0.505128	0.946	64.9993	0	0	0.0511332	79.0751	38
T	158	68	22.6339	16	52	0.0705841	3	1	0.0402768	0.0184026	0.5	1	56.9854	0	0	0.248625	894.038	58
T	240	107	1.703	50	57	0.0163928	2	1	0.0066926	0.0140151	0.54926	0.163	222.728	0	0	-0.0925748	102.18	99
T	211	189	16.0931	51	138	0.0321086	3	3	0.0431589	0.00540401	0.557317	0	235.236	0	0	-3.49349e-08	848.912	73
T	276	125	0.981922	62	63	0.0107523	1	7	0.120136	0.0472514	0.522106	0.492	6.91906	0	0	-0.105587	67.7526	67
T	252	217	14.3091	136	81	0.0194545	3	1	0.10161	0.00732805	0.508173	0.545	236.266	0	0	-0.0935555	901.471	55
T	102	59	4.51186	18	41	0.0555504	3	1	0.0181532	0.0284478	0.52138	0.653	270.335	0	0	0.0127492	115.053	39
T	298	298	23.6113	128	170	0.00996645	2	1	0.0122934	-3.79114e-06	0.5	1	329.218	0	0	0	1759.05	99
T	192	95	2.45991	34	61	0.00518108	1	0	0.00385279	0.0274824	0.551066	0.18	282.021	0	0	-0.116284	118.076	99
T	76	76	23.0035	52	24	0.0129853	5	1	0.226148	0.00160498	0.5	1	25.044	0	0	-0.0275334	50	99
T	74	39	3.49153	15	24	0.0263123	3	1	0.013706	0.0134766	0.562867	0.277	335.266	0	0	-0.130179	64.5932	46
T	189	111	4.4994	27	84	0.312716	6	1	0.0520017	0.0275012	0.560865	0.109	132.09	0	0	0.184646	212.597	60
