Class	FDP	FAO	QD	FSAF	FSAR	FXX	LEN	HRUN	RBI	VARB	STB	STBP	PB	PBP	MLLD	SSSB	QUAL	GQ
F	119	0	17.7272	0	0	0.0165276	2	5	0.157131	-0.0577803	0.5	1	0.5	1	12.7911	-0.719298	527.383	8
F	6	3	10.7183	0	3	0	1	3	0.00233707	0.0216062	0.5	1	0.5	1	367.215	0	16.0774	13
F	7	3	9.01796	0	3	0	1	4	0.0350721	-0.00185496	0.5	1	0.5	1	216.009	0	15.7814	15
F	75	14	22.0509	1	13	0	1	4	0.636995	0.097588	0.666367	0.051	0.5	1	9.20688	-0.821117	413.455	15
F	398	102	1.64736	57	45	0.00499988	1	2	0.0447361	-0.0123067	0.50916	0.827	0.5	1	58.6898	-0.120508	163.913	99
F	145	32	0.934007	19	13	0.0460496	1	7	0.0777687	0.165798	0.649003	0.059	0.5	1	22.7312	0.22105	33.8577	29
F	16	5	4.90884	5	0	0	1	3	0.0955845	0.116643	0.996746	0.111	0.5	1	91.573	0.67677	19.6354	19
F	287	108	4.1481	92	16	0.0034721	1	1	0.0773448	0.185451	0.778755	0	0.737844	0	57.5008	0.532615	297.626	99
F	218	43	0.51645	1	42	0	1	3	0.1175	0.151996	0.970387	0	0.5	1	30.4736	-0.758207	28.1465	28
F	6	3	10.7182	2	1	0	1	1	0.095507	0.0129704	0.798389	0.353	1	0.057	55.1514	0.483116	16.0773	13
F	135	89	34.6955	88	1	0.0217376	2	1	0.0751021	0.0332821	0.5	1	0.5	1	36.8789	0	1170.97	26
F	63	12	1.10514	0	12	0	1	2	0.00988068	0.158833	0.998625	0.025	0.647059	0.053	157.952	-0.664696	17.4059	17
F	29	5	31.9569	5	0	0.0937207	1	1	0.108958	-0.179043	0.996613	0.062	0.5	1	121.317	0.653638	231.687	10
F	20	9	13.6276	0	9	0	2	3	0.0407189	0.0959996	0.99804	0.075	0.5	1	67.5313	-0.770443	68.1382	32
F	16	5	4.95818	5	0	0	1	1	0.0951887	0.00982858	0.996189	0.341	0.5	1	51.6603	0.663036	19.8327	19
F	128	32	1.39146	29	3	0	1	2	0.0437116	0.128754	0.905996	0	0.5	1	32.3677	0.668598	44.5268	44
F	65	20	3.11776	19	1	0	1	4	0.102604	0.0144877	0.941676	0	0.5	1	42.2687	0.805072	50.6635	50
F	400	137	3.53012	69	68	0	1	2	0.0433437	0.0634431	0.553888	0.133	0.5	1	134.145	-0.1039	353.012	99
F	73	10	27.3392	0	10	0.0874891	2	2	0.0787001	0.028104	0.5	1	0.5	1	170.092	-0.854471	498.94	8
F	127	87	16.6032	66	21	0	2	1	0.0228235	0.00383086	0.61666	0	0.5	1	341.72	0.215805	527.15	99
F	138	27	0.927569	1	26	0.028167	1	2	0.102873	0.0601687	0.950646	0	0.5	1	31.8612	-0.753384	32.0011	28
F	20	5	3.18297	5	0	0	1	1	0.0511286	0.00753918	0.997404	0.028	0.5	1	279.894	0.697662	15.9149	15
F	251	42	0.330013	1	41	0.0195305	1	1	0.112381	0.11323	0.976149	0	0.5	1	54.001	-0.699178	20.7083	20
F	140	53	4.75483	24	29	0	1	1	0.0156593	0.00403672	0.532961	0.6	0.5	1	136.269	-0.0642442	166.419	99
F	6	5	22.9625	0	5	0	1	3	0.103404	0.0230429	0.5	1	0.5	1	35.9427	0	34.4438	6
F	9	4	9.77004	4	0	0	1	1	0.026325	0.0230727	0.996662	0.041	0.5	1	297.447	0.698233	21.9826	21
F	399	127	2.9642	59	68	0.00249994	1	2	0.0492685	-0.00721697	0.556557	0.119	0.5	1	170.556	-0.0661242	295.679	99
F	159	24	17.3634	0	24	0.0363614	3	1	0.0399285	0.194043	0.5	1	0.5	1	98.28	-0.871335	690.195	99
F	172	172	37.4191	0	172	0.0114936	2	2	0.0325836	0.000149775	0.5	1	0.5	1	120.718	-0.908349	1609.02	61
F	25	10	6.53483	10	0	0	1	1	0.0553143	0.0082271	0.998232	0.092	0.5	1	64.8524	0.7545	40.8427	40
F	24	12	22.0384	0	12	0	2	6	0.227418	0.0258394	0.5	1	0.5	1	13.6158	0	132.23	28
F	22	6	3.54845	0	6	0	1	3	0.109764	-0.0152811	0.997272	0.126	0.5	1	57.6606	-0.675241	19.5165	19
F	176	67	35.7485	0	67	0	2	2	0.102216	0.018253	0.5	1	0.5	1	169.79	-0.905844	1572.93	99
F	171	100	9.06323	1	99	0.0338964	3	5	0.0408806	0.154682	0.9396	0	0.5	1	61.2521	-0.568837	387.453	99
F	29	6	27.9132	0	6	0	1	2	0.0881837	-0.0184013	0.5	1	0.5	1	22.3509	0	202.371	10
F	7	3	9.01796	0	3	0	1	1	0.0313081	0.00842557	0.995228	0.114	0.5	1	152.117	-0.683038	15.7814	15
F	203	45	1.16471	20	25	0.00490172	1	2	0.0930162	0.0893026	0.528622	0.644	0.5	1	52.0758	-0.0545602	59.1089	59
F	132	14	34.3977	0	14	0.0364937	1	1	0.01912	0.0598537	0.5	1	0.5	1	68.4169	0	1135.13	7
F	22	0	28.2646	0	0	0.0832986	1	5	0.12287	0	0.5	1	0.5	1	115.089	-0.683038	155.455	4
F	195	55	2.25746	1	54	0	1	2	0.0789665	0.0568662	0.976874	0	0.5	1	52.8782	-0.799329	110.051	99
F	211	22	18.427	0	22	0.014018	3	5	0.0484454	0.0351584	0.5	1	0.5	1	55.5658	-0.69502	972.023	7
F	21	7	5.08662	7	0	0	1	1	0.0483585	0.0641754	0.997959	0.019	0.5	1	194.44	0.740714	26.7048	26
F	48	11	16.2446	11	0	0.142832	1	6	0.105341	0.067969	0.5	1	0.5	1	108.679	0.705658	194.935	20
F	78	16	1.20655	16	0	0	1	2	0.143463	0.0805128	0.998738	0.455	0.5	1	31.8496	0.650527	23.5277	23
F	17	6	5.83103	6	0	0	1	1	0.0405766	-0.0391523	0.997844	0.012	0.5	1	142.567	0.75317	24.7819	24
F	115	40	3.96846	39	1	0.00861995	1	1	0.0419993	0.00985009	0.948422	0	0.5	1	228.042	0.748274	114.093	99
F	6	4	16.054	4	0	0	1	1	0.0133131	-0.000548139	0.5	1	0.5	1	282.057	0	24.081	10
F	168	95	11.1493	53	42	0	1	2	0.00258686	0.00732868	0.516383	0.649	0.5	1	190.291	0.0300876	468.269	99
F	15	4	8.87482	4	0	0	1	1	0.0369968	0.136018	0.996362	0.08	0.5	1	69.4337	0.67854	33.2806	18
F	221	57	1.7745	23	34	0	1	2	0.036176	-0.0029383	0.531672	0.593	0.5	1	58.2334	-0.0531499	98.0412	98
F	63	12	35.1176	0	12	0	2	2	0.15512	0.148758	0.5	1	0.5	1	154.911	-0.841947	553.103	17
F	109	55	35.2919	55	0	0	1	9	0.0229966	-0.0500724	0.5	1	0.981818	0.003	45.9004	0	961.703	99
F	102	0	7.63814	0	0	0	1	5	0.0168098	0.00336723	0.5	1	0.5	1	260.9	-0.00742762	194.773	99
F	100	1	30.8917	0	1	0.0384578	1	4	0.210886	-0.0854028	0.5	1	0.5	1	6.92901	-0.111553	772.293	20
F	66	65	36.51	0	65	0	1	4	0.0267538	0.000132167	0.5	1	1	0.013	375.837	0	602.414	22
F	325	114	3.83039	36	78	0.00914606	1	1	0.0309986	0.0541846	0.600121	0.006	0.5	1	124.583	-0.154188	311.22	99
F	263	81	2.77929	31	50	0	1	2	0.072945	-0.00551785	0.619049	0.011	0.5	1	61.1637	-0.205738	182.738	99
F	137	53	4.12431	7	46	0.00724585	2	1	0.126314	0.114174	0.819465	0	0.5	1	26.5742	-0.534951	141.257	99
F	30	7	14.0199	1	6	0.117612	1	1	0.0901633	0.0261891	0.749166	0.156	0.5	1	113.467	-0.731761	105.149	53
F	183	103	11.0002	47	56	0.0108102	6	1	0.0442408	0.0219851	0.519178	0.566	0.5	1	270.485	-0.0669497	503.26	99
F	234	65	2.14865	32	33	0	1	2	0.0647567	-0.0225125	0.669194	0.002	0.5	1	62.1631	-0.292581	125.696	99
F	19	16	27.119	16	0	0.049975	2	10	0.125224	0.00947884	0.99879	0.058	0.5	1	104.17	0.73361	128.815	5
F	151	46	2.60529	44	2	0	2	4	0.127409	0.0976832	0.953479	0	0.5	1	39.0784	0.827265	98.3495	98
F	7	5	18.8792	3	2	0	1	1	0.0516746	0.00439945	0.529293	0.911	1	0.062	102.033	0.0491618	33.0386	10
F	59	0	5.5029	0	0	0.0327815	1	1	0.216615	0	0.5	1	0.5	1	52.7195	0.76852	81.1678	81
F	151	46	2.60529	44	2	0	2	4	0.127409	0.0976832	0.953479	0	0.5	1	39.0784	0.827265	98.3495	98
F	7	3	9.01789	3	0	0	1	1	0.0340007	0.0390262	0.5	1	0.5	1	55.7105	0	15.7813	15
F	47	0	11.6313	0	0	0.020829	3	8	0.25511	0	0.5	1	0.5	1	33.2224	0.770693	136.667	9
F	297	73	1.17812	63	10	0.0165557	1	1	0.0130475	0.154999	0.841717	0	0.68432	0	62.7317	0.604386	87.4752	87
F	325	109	3.39418	67	42	0	1	2	0.0696111	-0.00954808	0.520417	0.608	0.5	1	66.0357	-0.0439098	275.777	99
F	7	7	35.0875	7	0	0	5	1	0.0619351	0.00028983	0.5	1	0.5	1	392.093	0	61.4032	4
F	9	2	7.16645	0	2	0	1	2	0.0408861	0.0661912	0.5	1	0.5	1	40.4313	0	16.1245	11
F	25	6	2.72241	0	6	0.0384468	1	1	0.117677	0.0600356	0.99747	0.05	0.5	1	156.347	-0.696563	17.0151	16
F	164	49	2.67941	19	30	0	1	2	0.0481267	0.0246785	0.558792	0.326	0.5	1	141.863	-0.0947181	109.856	99
F	27	6	2.26359	0	6	0.0999667	1	1	0.0660492	0.00178838	0.997905	0.013	0.5	1	177.542	-0.677413	15.2792	15
F	148	7	2.71365	1	6	0	1	7	0.0901141	0.158134	0.81297	0.111	0.673872	0.061	27.0815	0.0887476	100.405	88
F	7	5	18.8792	5	0	0	1	2	0.0544867	-0.000229844	0.997126	0.016	1	0.057	408.888	0.78221	33.0386	10
F	33	8	2.42444	0	8	0	1	2	0.0492841	0.0071753	0.997955	0.056	0.5	1	74.5091	-0.681638	20.0016	20
F	374	151	5.2412	81	70	0.0026666	1	1	0.00875867	-0.00949181	0.530716	0.348	0.5	1	128.291	-0.0533536	490.052	99
F	356	53	0.240226	30	23	0	1	3	0.0327557	-0.0102075	0.61502	0.075	0.5	1	196.115	0.175218	21.3801	21
F	10	8	25.662	8	0	0	1	3	0.0727858	0.0222121	0.5	1	0.5	1	30.5178	0	64.1549	9
F	48	8	37.1438	4	4	0.0943218	1	1	0.0157522	0.0489891	0.5	1	0.5	1	94.6735	0	445.725	10
F	35	0	36.0533	0	0	0	1	3	0.226778	0.019005	0.5	1	0.5	1	6.74155	0	315.467	15
F	54	17	6.58678	2	15	0.0357079	3	1	0.0573865	0.0582069	0.651962	0.219	0.506303	0.465	46.1877	-0.731451	88.9216	44
F	67	4	36.5168	2	2	0.0694348	1	1	0.0607992	0.0657	0.5	1	0.5	1	90.4951	0	611.657	8
F	38	9	2.16867	0	9	0	1	2	0.0729538	0.306306	0.997945	0.206	0.741379	0.008	99.3019	-0.660066	20.6023	20
F	190	68	4.1131	36	32	0.00523533	1	1	0.060418	0.0372682	0.513644	0.816	0.5	1	155.977	0.0239608	195.372	99
F	6	4	16.0537	4	0	0	1	4	0.0534724	0.021415	0.5	1	0.5	1	104.716	0	24.0806	10
F	38	6	1.77421	2	4	0	1	2	0.0721622	0.00508495	0.541525	0.861	0.655172	0.127	104.866	-0.112425	16.855	10
F	136	33	1.81871	7	26	0.0285694	1	7	0.159602	0.10962	0.722077	0.006	0.5	1	30.846	-0.430148	61.8362	61
F	295	286	34.8141	127	159	0.00673378	1	2	0.0662791	0.00832418	0.506867	0.205	0.5	1	41.0993	-0.0208065	2567.54	62
F	398	117	2.41533	62	55	0.00499988	1	1	0.00512575	0.00791814	0.638645	0.002	0.5	1	217.361	-0.24395	240.326	99
F	19	12	16.2959	0	12	0.0951928	2	2	0.00023425	0.0162312	0.5	1	0.5	1	220.229	0	77.4057	23
F	90	14	33.0276	12	2	0	1	2	0.17976	-0.0626458	0.5	1	0.5	1	15.4797	0.389432	743.12	9
F	6	3	10.7182	0	3	0	1	1	0.00596934	0.00040513	0.996656	0.041	1	0.057	262.918	-0.767807	16.0774	13
F	169	26	34.3459	0	26	0.00588201	3	2	0.0850269	0.104524	0.5	1	0.5	1	213.028	-0.89751	1451.12	14
F	15	4	4.04771	3	1	0	1	2	0.143811	-0.0309843	0.816794	0.22	0.5	1	57.8407	0.485919	15.1789	15
F	49	1	31.898	0	1	0	1	3	0.118607	0.136413	0.5	1	0.5	1	134.848	-0.865849	390.75	90
F	18	6	5.44406	6	0	0.181736	1	1	0.0298194	0.0695534	0.997779	0.013	0.5	1	77.4763	0.774183	24.4983	24
F	96	35	4.49058	1	34	0.0103082	1	1	0.0304486	0.00475101	0.950918	0	0.5	1	263.809	-0.762236	107.774	99
F	31	7	2.14777	7	0	0	1	2	0.0440518	0.108362	0.997698	0.081	0.5	1	48.7548	0.664641	16.6452	16
F	216	43	0.806668	43	0	0.00917389	1	1	0.0456396	0.169015	0.999544	0.148	0.5	1	128.598	0.674159	43.5601	43
F	71	13	0.934043	0	13	0	1	4	0.0372179	0.00316928	0.998678	0.045	0.5	1	285.844	-0.578743	16.5793	16
F	30	14	8.39234	8	6	0	1	1	0.0196724	0.0852602	0.538406	0.682	0.5	1	50.7265	0.0666664	62.9425	62
F	24	10	7.10946	3	7	0	1	2	0.014618	0.0399497	0.562383	0.695	0.5	1	175.983	0.106446	42.6568	42
F	6	4	16.0539	0	4	0	1	1	0.206184	0.0146913	0.996649	0.036	1	0.067	61.0247	-0.767801	24.0809	10
F	9	3	6.8257	0	3	0	1	3	0.0879207	0.0143653	0.994809	0.235	0.5	1	278.675	-0.637446	15.3578	15
F	54	8	35.1957	8	0	0	2	2	0.0463034	0.0592672	0.5	1	0.5	1	102.8	0.748811	475.142	8
F	222	30	35.4833	0	30	0.00892817	3	2	0.090575	0.0749482	0.5	1	0.5	1	246.568	-0.908004	1969.33	8
F	34	10	3.47422	10	0	0	1	1	0.0595333	0.0775639	0.998019	0.368	0.5	1	90.0928	0.688529	29.5308	29
F	7	3	9.02222	0	3	0	1	1	0.167392	0.0427337	0.996186	0.05	0.5	1	83.8308	-0.729277	15.7889	15
F	53	12	1.69565	11	1	0	1	2	0.19245	0.0709625	0.877598	0.012	0.5	1	34.7315	0.443731	22.4674	22
F	9	3	6.82627	0	3	0	1	2	0.128032	0.13798	0.99556	0.126	0.5	1	41.7542	-0.672276	15.3591	15
F	22	8	5.65057	5	3	0	1	1	0.109974	0.123979	0.512165	0.967	0.5	1	57.1173	0.0104179	31.0781	31
F	391	95	1.41248	56	39	0	2	2	0.0310628	0.0294195	0.503915	0.937	0.5	1	243.527	0.00763596	138.07	99
F	400	151	4.4856	84	67	0	2	2	0.0300254	0.0190715	0.531832	0.332	0.5	1	226.419	-0.0688356	448.56	99
F	9	3	6.82571	3	0	0	1	1	0.0378731	0.0313123	0.99556	0.109	0.5	1	189.766	0.672276	15.3578	15
F	12	4	5.90375	4	0	0.076864	1	2	0.0298615	0.0849653	0.996669	0.061	0.5	1	42.9818	0.711769	17.7113	17
F	86	15	0.735931	12	3	0	1	2	0.0184059	0.0228178	0.827783	0.009	0.5	1	41.0756	0.571221	15.8225	15
F	78	0	19.8294	0	0	0.0126566	1	7	0.286649	0	0.5	1	0.5	1	10.5811	0.835942	386.674	16
F	76	21	1.92062	0	21	0	1	2	0.128133	0.222818	0.999121	0.054	0.5	1	24.0389	-0.741629	36.4918	36
F	16	5	4.95943	5	0	0	1	1	0.0175879	-0.0395499	0.996746	0.111	0.5	1	131.313	0.67677	19.8377	19
F	19	5	3.52954	5	0	0	1	1	0.00433756	-0.00220063	0.5	1	0.5	1	301.175	0	16.7653	16
F	18	5	3.92514	0	5	0	1	2	0.0359012	0.0266973	0.997559	0.015	0.5	1	47.2009	-0.722799	17.6631	17
F	36	4	7.42186	2	2	0.0270197	2	1	0.103546	-0.00148276	0.68103	0.485	0.5	1	36.8332	-0.241343	66.7967	36
F	109	31	2.48555	19	12	0.00909008	1	1	0.0102739	0.00891702	0.749371	0.024	0.5	1	145.409	-0.418992	67.7313	67
F	20	6	4.29961	6	0	0	1	1	0.000248912	0.00958064	0.5	1	0.5	1	324.835	0	21.498	21
F	112	22	0.949007	0	22	0	1	2	0.0667754	0.00333413	0.999097	0.313	0.5	1	57.1811	-0.656301	26.5722	26
F	17	0	34.9599	0	0	0	2	2	0.0819949	0	0.5	1	0.5	1	4.28197	0	148.58	7
F	17	5	4.70971	5	0	0	1	2	0.0286244	0.0369624	0.997649	0.014	0.5	1	101.329	0.736642	20.0163	20
F	42	21	8.96034	21	0	0.0232504	2	1	0.0100628	0.0137496	0.5	1	0.5	1	121.708	0	94.0835	92
F	33	11	4.23979	0	11	0	1	2	0.0215009	0.211503	0.998398	0.066	0.5	1	98.8215	-0.732685	34.9782	34
F	58	11	1.04699	0	11	0	1	5	0.0498836	0.187648	0.998303	0.196	0.5	1	41.9927	-0.685371	15.1814	15
F	25	7	3.17191	0	7	0	1	2	0.150631	0.132133	0.997597	0.119	0.619048	0.186	84.4728	-0.686032	19.8244	19
F	95	32	3.48464	31	1	0	1	2	0.0591208	0.0232217	0.975834	0	0.5	1	43.5285	0.886894	82.7601	82
F	9	3	6.82585	0	3	0	1	3	0.0307632	0.0625384	0.994809	0.235	0.5	1	155.3	-0.637446	15.3582	15
F	177	41	1.35243	18	23	0.027471	1	1	0.0291993	0.0264407	0.713514	0.006	0.5	1	154.041	-0.404573	59.8451	59
F	263	63	1.41144	61	2	0	1	2	0.0527515	-0.019305	0.953518	0	0.5	1	57.921	0.73394	92.8019	92
F	258	62	1.42728	30	32	0.00386085	1	2	0.0413939	-0.0315756	0.577808	0.16	0.5	1	56.9019	-0.120641	92.0597	92
F	18	8	21.4055	0	8	0	2	3	0.14919	0.0746003	0.5	1	0.5	1	19.6261	0	96.3249	25
F	82	17	1.21702	0	17	0	1	1	0.0173045	0.0161939	0.998952	0.043	0.5	1	257.51	-0.677938	24.949	24
F	8	3	7.79015	3	0	0	1	1	0.0155381	0.0141391	0.995834	0.105	0.5	1	56.2002	0.64233	15.5803	15
F	21	6	3.90765	6	0	0	1	5	0.0440863	0.01907	0.99778	0.022	0.5	1	235.266	0.734683	20.5151	20
F	52	25	7.68234	0	25	0.0188644	1	2	0.108318	0.228072	0.999241	0.053	0.5	1	32.0054	-0.812421	99.8705	99
F	280	0	30.1898	0	0	0.0106003	4	4	0.573084	0	0.5	1	0.5	1	88.0695	-0.904624	2113.29	99
F	93	0	18.735	0	0	0.0106372	3	7	0.27844	-0.112725	0.5	1	0.5	1	13.8064	0.855696	435.59	21
F	52	32	36.6642	32	0	0.0370302	2	1	0.0478526	0.0139502	0.5	1	0.5	1	46.0308	0	476.634	67
F	156	18	13.1307	0	18	0.0487775	1	1	0.0476273	0.0546114	0.5	1	0.5	1	77.1924	-0.872536	512.096	7
F	233	96	5.57021	56	40	0.00851028	1	1	0.048557	0.0401393	0.540633	0.329	0.5	1	206.96	-0.0715192	324.465	99
F	24	6	2.93447	4	2	0	1	11	0.16564	0.0302714	0.7992	0.123	0.5	1	48.5289	0.444666	17.6068	17
F	138	14	37.3037	14	0	0.0142847	2	1	0.014447	-0.00763024	0.5	1	0.5	1	110.037	0	1286.98	3
F	123	21	0.604134	0	21	0	1	1	0.0355309	0.0291988	0.999053	0.348	0.5	1	107.947	-0.633558	18.5771	18
F	30	7	7.06732	0	7	0	1	6	0.0609073	0.111784	0.997211	0.368	0.5	1	46.3412	-0.685995	53.0049	20
F	204	46	1.22703	21	25	0	1	2	0.0237233	-0.0354088	0.519041	0.771	0.5	1	56.9304	-0.035105	62.5785	62
F	398	123	2.73887	71	52	0.00499988	1	2	0.0125159	0.0378162	0.529241	0.427	0.5	1	150.702	-0.0219961	272.518	99
F	19	0	7.52224	0	0	0	2	6	0.101462	0	0.5	1	0.5	1	22.2161	-0.590874	35.7306	34
F	127	38	2.56966	27	11	0.00781189	2	1	0.0384457	0.00738795	0.521018	0.786	0.5	1	63.4318	0.0357588	81.5866	81
F	203	0	32.5096	0	0	0.0424508	1	5	0.152052	0	0.5	1	0.5	1	10.4658	-0.880044	1649.86	62
F	162	85	9.53233	47	38	0.0240949	6	1	0.0342405	0.0194477	0.540435	0.294	0.5	1	279.149	-0.0909314	386.06	99
F	7	3	9.01791	0	3	0	1	1	0.106755	0.0516395	0.5	1	0.5	1	61.0045	0	15.7813	15
F	11	7	14.8278	0	7	0	1	3	0.144908	0.0740213	0.5	1	0.696429	0.143	21.7989	0	40.7764	20
F	157	28	0.614286	1	27	0	1	4	0.0681342	0.100221	0.888901	0.002	0.5	1	32.9395	-0.535911	24.1107	24
F	218	43	0.803703	21	22	0	1	4	0.0358271	0.0269377	0.520503	0.777	0.5	1	293.942	0.0328507	43.8018	43
F	112	45	4.29716	44	1	0	1	1	0.0147433	0.200609	0.964563	0	0.5	1	101.072	0.696932	120.32	99
F	200	60	2.66251	41	19	0.00497488	1	3	0.0404677	0.0677585	0.558933	0.276	0.5	1	219.936	0.0849779	133.126	99
F	7	3	9.01438	0	3	0	1	4	0.119756	0.11474	0.995228	0.114	0.5	1	43.5872	-0.683038	15.7752	15
F	88	21	1.71403	21	0	0	1	2	0.0854477	0.071096	0.999037	0.394	0.5	1	39.0308	0.709449	37.7086	37
F	9	3	6.8257	3	0	0	1	5	0.0322847	0.00821864	0.996299	0.052	0.5	1	303.768	0.711122	15.3578	15
F	28	9	4.31017	9	0	0	1	2	0.0534402	0.0319025	0.998173	0.043	0.5	1	72.1758	0.7278	30.1712	30
F	311	65	0.767795	4	61	0	1	2	0.106178	0.137394	0.925703	0	0.5	1	40.73	-0.700939	59.696	59
F	21	6	3.87292	0	6	0	1	4	0.0693993	0.0454643	0.997621	0.029	0.5	1	34.1216	-0.705868	20.3328	20
F	32	0	12.0668	0	0	0	2	1	0.175294	0	0.5	1	0.5	1	15.1315	0.711769	96.5343	28
F	7	4	12.2586	0	4	0	1	4	0.0947004	0.0890029	0.5	1	0.833333	0.157	18.4326	0	21.4526	14
F	41	9	1.81232	0	9	0	1	4	0.0146115	0.0124081	0.998322	0.02	0.5	1	385.935	-0.691513	18.5763	18
F	159	35	1.19788	19	16	0	1	1	0.0618321	0.0566082	0.552177	0.49	0.5	1	68.2727	0.0849312	47.6158	47
F	29	7	2.55334	7	0	0.0644953	1	1	0.171243	0.138415	0.997636	0.099	0.5	1	36.4475	0.656709	18.5117	18
F	29	7	2.73788	0	7	0	1	2	0.0422431	0.0495574	0.997322	0.273	0.75	0.025	34.9291	-0.647829	19.8496	19
F	399	64	0.323597	30	34	0.00249994	1	1	0.0255145	0.0313717	0.594377	0.105	0.5	1	299.586	-0.183758	32.2788	32
F	33	11	4.45289	3	8	0.0294031	1	4	0.0131011	-0.000603848	0.892431	0.029	0.5	1	257.596	-0.699309	36.7363	36
F	70	0	14.0799	0	0	0.0140825	3	7	0.281814	0	0.5	1	0.5	1	15.8663	0.811422	246.399	9
F	24	10	10.6394	10	0	0	1	4	0.00431477	-0.0485301	0.998377	0.012	0.5	1	29.3871	0.796508	63.8366	47
F	400	59	0.220842	30	29	0	1	1	0.0131077	-0.00422002	0.541582	0.515	0.725533	0	170.954	-0.0124733	22.0842	22
F	76	7	12.5545	0	7	0.0731618	2	1	0.122362	-0.0212658	0.5	1	0.5	1	29.8148	-0.708626	238.536	3
F	27	10	5.60365	0	10	0	1	1	0.0190545	0.0159197	0.998215	0.094	0.5	1	323.057	-0.737537	37.8246	37
F	321	145	6.76844	66	79	0.0123073	6	1	0.0342824	0.0224934	0.543276	0.14	0.5	1	261.419	-0.114475	543.168	99
F	13	11	25.5476	11	0	0	1	3	0.0485633	-0.00593804	0.5	1	0.772727	0.14	75.3419	0	83.0298	7
F	32	10	3.99442	1	9	0	1	2	0.05322	0.0447549	0.859476	0.016	0.5	1	65.228	-0.574686	31.9554	31
F	19	4	18.2422	0	4	0.049975	2	1	0.232351	-0.33207	0.5	1	0.5	1	10.0879	0	86.6506	7
F	66	11	36.9046	7	4	0	1	1	0.0253823	0.0239308	0.5	1	0.5	1	183.372	0	608.926	12
F	88	0	31.0904	0	0	0	1	3	0.492307	0	0.5	1	0.5	1	4.9727	0.882175	683.989	22
F	11	4	7.23538	1	3	0	1	1	0.0104491	0.015205	0.52926	0.973	0.5	1	299.288	-0.0448885	19.8973	19
F	166	32	0.79836	18	14	0	1	2	0.0724813	-0.00157863	0.538612	0.62	0.5	1	56.201	0.065842	33.1319	33
F	17	3	22.3603	0	3	0	1	3	0.0646157	-0.104562	0.5	1	0.5	1	21.7943	-0.622974	95.0313	10
F	159	44	2.22317	29	15	0.00624961	1	2	0.0567035	-0.0211328	0.638962	0.036	0.5	1	56.7869	0.244521	88.371	88
F	399	135	3.44254	68	67	0.00249994	1	1	0.0296246	0.0105802	0.600447	0.006	0.5	1	118.645	-0.185719	343.394	99
F	69	28	5.9099	27	1	0	1	3	0.00523881	0.0625602	0.801668	0.021	0.5	1	49.782	0.501789	101.946	99
F	11	2	6.67721	0	2	0	1	1	0.0125149	0.0134324	0.991064	0.47	0.5	1	204.906	-0.50628	18.3623	10
F	8	4	11.4712	0	4	0	1	5	0.0473877	0.0591872	0.996235	0.084	0.5	0.512	143.289	-0.719948	22.9425	19
F	178	0	22.7407	0	0	0.00558628	2	1	0.139675	-0.0982742	0.5	1	0.5	1	14.117	-0.619986	1011.96	65
F	54	22	6.06827	0	22	0.0526223	3	2	0.0283724	0.0447064	0.999136	0.101	0.5	1	169.406	-0.778939	81.9216	81
F	175	0	24.6772	0	0	0.0540511	2	6	0.417879	0	0.5	1	0.5	1	16.6958	0.8861	1079.63	41
F	195	74	4.65982	41	33	0	1	1	0.013093	0.00999796	0.520865	0.652	0.5	1	171.435	0.0369006	227.166	99
F	25	6	2.67763	6	0	0	1	3	0.0189836	0.0139742	0.5	1	0.5	1	46.355	0	16.7352	16
F	281	66	1.32238	39	27	0	1	2	0.0120624	-0.0183751	0.619804	0.022	0.5	1	59.4774	0.199238	92.8975	92
F	8	3	7.78479	0	3	0	1	4	0.0331342	0.0190638	0.994993	0.195	0.5	1	186.412	-0.658479	15.5696	15
F	100	97	35.6039	95	2	0	1	2	0.115575	0.0237918	0.50777	0.584	0.857388	0.001	51.5227	-0.0148951	890.097	23
F	170	36	31.2002	36	0	0.00584761	1	2	0.0936184	-0.0266729	0.5	1	0.5	1	25.8822	0.853589	1326.01	31
F	6	6	32.9425	0	6	0	1	2	0.139349	0.0142453	0.5	1	0.5	1	35.2891	0	49.4138	4
F	61	9	33.083	0	9	0	2	4	0.166665	-0.144486	0.5	1	0.5	1	12.7305	0	504.516	9
F	400	313	21.7596	158	155	0	2	1	0.0258957	0.00873527	0.519785	0.132	0.5	1	342.341	0.0410044	2175.96	99
F	229	59	1.58638	57	2	0	1	2	0.0994895	0.143098	0.977657	0	0.5	1	47.8614	0.859126	90.82	90
F	40	9	1.92449	9	0	0	1	2	0.0166295	0.136403	0.998391	0.016	0.5	1	117.73	0.704077	19.2449	19
F	18	5	3.93165	5	0	0	1	3	0.0629799	0.0334049	0.997337	0.031	0.5	1	90.2744	0.705031	17.6924	17
F	12	4	5.74746	0	4	0	1	2	0.10999	0.0946156	0.996669	0.06	0.5	1	92.2803	-0.694548	17.2424	17
F	60	11	1.01488	9	2	0.0163908	1	2	0.0213605	-0.0152652	0.845568	0.022	0.5	1	249.828	0.5331	15.2232	15
F	160	39	1.23723	29	10	0	1	3	0.0334299	0.174047	0.75288	0	0.5	1	31.3559	0.442993	49.4891	49
F	19	9	8.42167	7	2	0	1	3	0.0301717	0.137202	0.603575	0.517	0.5	1	40.0237	0	40.0029	39
F	55	17	3.40106	6	11	0	1	2	0.0350157	0.0051992	0.586562	0.428	0.5	1	71.2519	-0.144637	46.7646	46
F	8	3	7.77509	1	2	0	1	1	0.0294573	0.0134393	0.665555	0.618	0.5	1	172.004	-0.247694	15.5502	15
F	11	4	7.23503	0	4	0	1	2	0.0626196	0.0204802	0.995896	0.182	0.5	1	57.9347	-0.668993	19.8963	19
T	93	30	3.42942	27	3	0.0210504	1	1	0.0952141	0.0224287	0.735863	0.021	0.5	1	286.903	0.390277	79.734	79
T	134	132	36.5739	67	65	0	1	2	0.0876345	0.000298747	0.507575	0.279	0.5	1	60.4048	4.83182e-08	1225.23	44
T	253	253	38.1285	88	165	0.0155636	1	2	0.0604224	-0.000709306	0.5	1	0.5	1	63.4608	0	2411.63	99
T	324	178	10.3394	100	78	0	1	3	0.0179373	0.0144444	0.560362	0.016	0.5	1	269.334	-0.111298	837.493	99
T	83	44	9.81954	4	40	0	1	1	0.0173518	-0.0165508	0.577995	0.349	0.5	1	289.234	-0.139789	203.756	99
T	159	84	9.58743	31	53	0	1	1	0.0424237	0.0119366	0.508879	0.81	0.5	1	322.939	0.0275631	381.1	99
T	76	76	38.1003	37	39	0	1	2	0.0686033	-0.000712036	0.5	1	0.5	1	61.6661	0	723.905	34
T	187	85	6.98098	50	35	0	1	2	0.029612	0.0267354	0.611328	0.007	0.5	1	175.039	0.196583	326.361	99
T	153	70	7.12462	28	42	0.0129024	1	1	0.00725451	0.00289304	0.521972	0.658	0.5	1	270.752	0.0384033	272.517	99
T	188	188	37.841	15	173	0.0259054	1	2	0.0622241	0.000621688	0.5	1	0.5	1	46.6319	-0.0306741	1778.53	77
T	218	90	5.61984	17	73	0	1	2	0.0422815	-0.0162	0.71336	0	0.5	1	71.9656	-0.376807	306.281	99
T	64	24	4.98496	13	11	0	1	1	0.0208901	0.0122259	0.557095	0.478	0.5	1	198.067	0.099022	79.7593	79
T	96	46	8.0184	16	30	0	1	2	0.0131281	0.0166888	0.582901	0.128	0.5	1	239.188	-0.14874	192.442	99
T	227	227	38.1362	128	99	0.00438577	1	1	0.0796417	-0.000359884	0.5	1	0.5	1	64.0438	-0.00370844	2164.23	94
T	255	158	13.3566	87	71	0.0039061	1	1	0.0417514	0.00111762	0.502333	0.929	0.5	1	199.256	-0.00760126	851.482	99
T	375	375	37.6775	154	221	0.0131575	1	1	0.0655379	0.0118646	0.5	1	0.5	1	69.6847	-5.36824e-08	3532.26	99
T	322	140	6.23047	90	50	0.00309588	1	1	0.0376228	0.00890702	0.595876	0	0.5	1	134.308	0.192213	501.553	99
T	222	88	5.1342	49	39	0.0044841	1	1	0.010799	0.0144625	0.5701	0.091	0.5	1	323.021	0.134771	284.948	99
T	5	5	30.6765	1	4	0	1	2	0.125396	-0.00334633	0.5	1	0.5	1	230.58	0	38.3456	4
T	400	211	9.49919	100	111	0	1	2	0.0153272	-0.0123923	0.516082	0.479	0.5	1	58.03	-0.0275581	949.919	99
T	140	140	38.2467	73	67	0.0070917	1	1	0.115205	0.000596797	0.5	1	0.5	1	60.6193	0	1338.64	63
T	239	239	38.5623	107	132	0.00416649	1	1	0.0302351	-2.41676e-05	0.5	1	0.5	1	178.105	3.00242e-08	2304.1	99
T	400	153	4.62581	77	76	0	1	2	0.082599	-0.000150552	0.505767	0.859	0.5	1	57.1792	0.0386295	462.581	99
T	43	24	11.368	14	10	0	1	3	0.112234	0.0190796	0.50199	0.999	0.5	1	64.8438	0.00357459	122.206	78
T	85	47	10.7947	46	1	0	1	2	0.0494655	0.0257923	0.646108	0.718	0.5	1	59.4739	-0.277079	229.387	99
T	400	400	38.5056	191	209	0	1	1	0.0620209	-3.5349e-05	0.5	1	0.5	1	110.471	3.08018e-08	3850.56	99
T	207	89	6.15723	45	44	0	1	1	0.0165708	-0.00509804	0.508031	0.859	0.5	1	112.125	0.023683	318.637	99
T	216	216	38.4152	135	81	0.00460808	1	1	0.00496563	-8.8049e-07	0.5	1	0.5	1	311.116	-3.87413e-08	2074.42	98
T	133	63	7.72554	35	28	0.00746213	1	1	0.0466081	0.00663612	0.595996	0.037	0.5	1	205.292	0.186863	256.874	99
T	51	22	6.86529	15	7	0.0192271	1	2	0.0768501	-0.0185833	0.637579	0.1	0.5	1	53.1832	0.240439	87.5324	87
T	205	95	7.24855	66	29	0	1	2	0.0300811	-0.0107764	0.653919	0	0.5	1	91.0834	0.277454	371.488	99
T	216	107	8.36988	63	44	0	1	1	0.0260878	0.0226512	0.584278	0.012	0.5	1	116.006	0.153363	451.974	99
T	192	101	9.53353	35	66	0	1	2	0.0326128	-0.0114741	0.530825	0.391	0.5	1	61.3446	-0.0562626	457.61	99
T	57	22	5.40764	13	9	0.0338926	1	3	0.0182549	0.0260492	0.582325	0.352	0.5	1	62.5589	0.142731	77.0588	77
T	166	166	37.8419	64	102	0.00598767	1	2	0.053303	0.000324198	0.5	1	0.5	1	58.2327	-0.00749352	1570.44	70
T	236	114	7.90261	66	48	0	1	3	0.00926344	0.000772054	0.519095	0.552	0.5	1	335.637	-0.0347067	466.254	99
T	154	154	37.7873	96	58	0.0064512	1	2	0.113876	0.00425752	0.5	1	0.5	1	69.6307	-0.00493	1454.81	61
T	229	109	7.68743	41	68	0	1	2	0.0423346	-0.0176453	0.522366	0.513	0.5	1	63.5358	-0.0405274	440.105	99
T	273	121	6.52511	53	68	0.0036495	1	2	0.0373894	-0.0123408	0.508987	0.791	0.5	1	203.553	-0.0087513	445.339	99
T	178	72	5.41673	41	31	0	1	1	0.043225	0.00990007	0.50941	0.824	0.5	1	192.592	-0.0167583	241.045	99
T	106	46	6.4667	23	23	0.00934492	1	1	0.0636277	0.0305265	0.547149	0.41	0.5	1	150.863	-0.103131	171.368	99
T	262	103	4.9993	67	36	0	1	2	0.00597075	-0.0102571	0.581509	0.023	0.596813	0.003	58.1958	0.140917	327.454	99
T	73	42	11.7578	15	27	0	1	1	0.0132883	0.0187758	0.531439	0.574	0.5	1	142.881	0.057392	214.58	99
T	42	15	4.8311	1	14	0.0454442	1	1	0.0116746	0.017714	0.699656	0.194	0.5	1	78.1157	-0.324796	50.7266	50
T	116	58	8.68807	37	21	0	1	1	0.0303661	0.0242118	0.518849	0.692	0.5	1	61.5402	-0.0341678	251.954	99
T	147	69	7.51978	11	58	0.0067563	1	1	0.115865	0.0249306	0.531164	0.568	0.5	1	88.2489	-0.0481821	276.352	99
T	96	84	27.6596	26	58	0	1	2	0.0276469	-0.023099	0.533921	0.116	0.5	1	51.4809	0.0818143	663.831	6
T	75	39	9.63046	33	6	0.0259707	1	3	0.0342364	0.0547833	0.514049	0.878	0.5	1	122.326	-0.0189531	180.571	99
T	237	108	6.96712	73	35	0	1	2	0.0271184	0.0109169	0.519912	0.564	0.5	1	151.054	0.0359262	412.802	99
T	183	88	7.90607	29	59	0.0161282	1	1	0.0157483	0.0188606	0.52248	0.589	0.5	1	322.524	-0.0445145	361.703	99
T	166	78	7.52222	36	42	0	1	2	0.0209267	0.0133757	0.515884	0.712	0.580274	0.016	106.732	0.0287083	312.172	99
T	220	220	37.9373	141	79	0.0134523	1	2	0.0560029	5.22109e-05	0.5	1	0.5	1	246.796	-3.77728e-08	2086.55	90
T	394	394	37.6153	204	190	0.0149996	3	1	0.0687226	5.21967e-05	0.5	1	0.5	1	55.1576	-0.0125172	3705.11	99
T	35	23	15.617	10	13	0	1	2	0.0610125	4.04708e-05	0.606788	0.075	0.5	1	73.3853	-0.194073	136.649	40
T	181	181	38.2565	97	84	0	1	1	0.0672336	0.000270686	0.5	1	0.5	1	79.1813	5.24249e-08	1731.11	82
T	18	10	14.27	0	10	0	1	4	0.0389658	0.0408168	0.5	1	0.5	1	282.4	0	64.2152	26
T	230	110	7.78043	45	65	0	1	1	0.00772271	0.00779024	0.513016	0.716	0.5	1	81.5308	-0.0236079	447.375	99
T	217	98	6.84795	56	42	0.00458695	1	7	0.00738369	0.00162439	0.54641	0.203	0.5	1	351.332	0.103255	371.501	99
T	371	371	38.3516	122	249	0.0026881	1	1	0.0488814	-3.30249e-05	0.5	1	0.5	1	114.565	0	3557.11	99
T	198	84	5.9947	37	47	0	1	4	0.0110585	0.0138237	0.511372	0.786	0.5	1	264.492	0.0203754	296.738	99
T	52	30	12.1036	23	7	0.0877039	1	2	0.0364061	-0.00238383	0.561031	0.449	0.5	1	61.6143	-0.111288	157.347	85
T	67	66	36.6762	36	30	0	1	1	0.00278295	0.000603755	0.508194	0.304	0.5	1	128.529	0.0154888	614.327	23
T	107	61	11.5302	40	21	0.0183469	1	3	0.00817271	0.00425818	0.561337	0.157	0.5	1	174.599	0.122267	308.433	99
T	107	37	4.0558	12	25	0.0092584	1	1	0.0100999	0.00646399	0.592621	0.165	0.5	1	156.542	0.105163	108.493	99
T	154	70	7.02347	30	40	0	1	3	0.00681396	0.0126826	0.539315	0.398	0.5	1	394.506	-0.0707148	270.404	99
T	88	49	11.0146	24	25	0	1	1	0.011241	0.00548842	0.5102	0.848	0.5	1	230.161	-0.018584	242.321	99
T	397	187	7.40403	90	97	0.0025125	1	2	0.0292087	0.0186982	0.540059	0.134	0.5	1	112.571	-0.0728051	734.85	99
T	399	219	10.3333	105	114	0.00249994	1	1	0.0576155	0.0100834	0.508293	0.703	0.5	1	186.972	0.0294515	1030.75	99
T	221	109	8.3164	40	69	0	1	2	0.0247053	-0.009116	0.514009	0.696	0.5	1	104.782	-0.0254684	459.481	99
T	104	44	6.14736	22	22	0	1	5	0.00533836	0.00442064	0.519222	0.722	0.5	1	300.989	-0.0341664	159.831	99
T	130	62	7.87288	47	15	0	1	1	0.0330604	0.00866447	0.590711	0.088	0.5	1	203.145	0.147525	255.869	99
T	269	158	11.9438	88	70	0.011029	1	1	0.0103171	0.00985273	0.503096	0.897	0.5	1	69.2296	0.00355187	803.222	99
T	237	237	37.6615	80	157	0.0124995	1	2	0.067209	0.000866931	0.5	1	0.5	1	127.239	-0.017532	2231.44	81
T	381	381	37.9637	160	221	0.0052218	1	1	0.00772886	3.07791e-05	0.5	1	0.5	1	155.195	0.00215456	3616.05	99
T	69	69	38.5219	27	42	0	1	1	0.0321679	-0.000219616	0.5	1	0.5	1	92.1818	-4.56939e-08	664.503	31
T	196	89	6.94806	59	30	0	1	7	0.0234044	0.0233395	0.500385	0.987	0.5	1	274.346	-0.0184197	340.455	99
T	398	195	8.09384	99	96	0.00499988	1	1	0.0412737	0.000750928	0.530281	0.226	0.5	1	75.0253	0.0849129	805.337	99
T	399	399	38.4565	177	222	0.00249994	1	1	0.0379387	1.58895e-05	0.5	1	0.5	1	225.133	-0.00144534	3836.03	99
T	234	234	37.7937	123	111	0.0126577	1	2	0.0565639	0.00117243	0.5	1	0.5	1	92.9929	0.00427416	2210.93	88
T	167	98	12.0201	46	52	0	1	2	0.0467947	0.00681582	0.515668	0.613	0.5	1	55.3768	-0.0271466	501.841	99
T	261	133	8.86128	57	76	0.00381665	1	2	0.00329556	0.00282666	0.535393	0.244	0.5	1	264.411	-0.0608541	578.199	99
T	56	23	6.08428	11	12	0	1	1	0.00527732	0.00608024	0.627587	0.135	0.5	1	89.2609	-0.224511	85.1799	85
T	89	89	38.5103	39	50	0	1	1	0.0603971	-0.000668847	0.5	1	0.5	1	54.5875	0	856.853	40
T	396	396	37.8022	184	212	0.00999975	1	1	0.0831341	0.000326695	0.5	1	0.5	1	94.3254	0.00640837	3742.42	99
T	39	17	7.22455	11	6	0	1	1	0.0517655	0.0233703	0.703261	0.042	0.5	1	163.785	0.356102	70.4394	70
T	100	100	38.082	23	77	0.00990001	1	1	0.0733472	-0.000397787	0.5	1	0.5	1	66.608	0	952.05	45
T	171	171	38.2562	90	81	0.0172404	1	1	0.0127872	-4.11537e-05	0.5	1	0.5	1	74.8055	0	1635.45	77
T	231	117	8.72536	65	52	0.00431016	1	1	0.0750347	0.00136261	0.531909	0.323	0.5	1	210.243	0.0643006	503.889	99
T	253	125	8.16144	71	54	0.00393685	1	1	0.0436427	-0.00285922	0.509268	0.753	0.5	1	145.802	-0.0235887	516.211	99
T	139	71	8.72318	35	36	0.0211253	1	2	0.00491415	0.0247485	0.575222	0.084	0.5	1	268.053	-0.108671	303.13	99
T	239	115	7.87431	48	67	0.00416649	1	2	0.0442359	-0.000870996	0.518141	0.571	0.5	1	68.136	-0.0329268	470.49	99
T	253	253	38.2897	136	117	0	1	1	0.0348355	9.68616e-05	0.5	1	0.5	1	73.6435	5.33288e-08	2421.82	99
T	170	84	8.41296	48	36	0	1	1	0.0529037	0.0149373	0.536494	0.347	0.5	1	78.9135	0.0547075	357.551	99
T	183	96	9.47825	34	62	0	1	2	0.0185387	0.0435565	0.529227	0.473	0.5	1	245.887	0.053479	433.63	99
T	94	53	11.2174	30	23	0.0208312	1	1	0.0141147	0.0152855	0.607344	0.017	0.5	1	300.22	0.196285	263.608	99
T	40	16	6.13306	6	10	0	1	2	0.0373965	-0.00414192	0.554729	0.612	0.5	1	54.8849	0.0947353	61.3306	61
T	290	137	7.51593	68	69	0	1	1	0.013431	0.00809399	0.500201	0.977	0.5	1	57.3269	0.00313815	544.905	99
T	131	50	4.8697	20	30	0	1	3	0.0372688	0.0204694	0.551381	0.371	0.5	1	64.8088	-0.0965958	159.483	99
T	149	149	37.74	84	65	0.0261421	1	1	0.0902028	0.000316088	0.5	1	0.5	1	68.4437	0	1405.81	60
T	15	9	13.9487	1	8	0	1	1	0.0348188	0.00143285	0.799198	0.024	0.5	1	240.505	-0.504538	52.3077	27
T	330	151	6.99347	76	75	0	1	2	0.00562853	0.0164255	0.560368	0.035	0.5	1	149.947	-0.109459	576.962	99
T	170	170	38.2979	78	92	0.00584761	1	1	0.0514531	0.000122856	0.5	1	0.5	1	145.391	0	1627.66	77
T	154	20	8.3211	8	12	0.0253149	1	1	0.0447286	0.0395435	0.574393	0.484	0.5	1	113.648	-0.241221	320.362	99
T	322	178	10.4691	86	92	0.00309588	1	2	0.0168139	0.00420239	0.516852	0.468	0.5	1	358.717	-0.0338855	842.761	99
T	8	7	28.1426	2	5	0	1	1	0.0600323	0.0127009	0.599698	0.285	0.5	1	101.963	-3.27427e-08	56.2852	6
T	83	83	37.8852	33	50	0	1	1	0.0365128	-6.14034e-05	0.5	1	0.5	1	213.626	3.15707e-08	786.118	37
T	400	208	9.19821	108	100	0	1	1	0.0109851	0.000680555	0.513301	0.541	0.5	1	133.35	0.00315888	919.821	99
T	137	137	38.2134	67	70	0	1	1	0.0820742	3.91109e-05	0.5	1	0.5	1	281.745	4.62647e-08	1308.81	62
T	103	103	37.0801	55	48	0.0282992	1	1	0.0097143	0.000573166	0.5	1	0.5	1	67.3857	-0.00854954	954.814	38
T	79	79	38.4919	49	30	0	1	1	0.0802936	0.00010071	0.5	1	0.5	1	295.54	0	760.215	36
T	143	143	37.6849	66	77	0.00694396	1	1	0.0479201	-3.6808e-05	0.5	1	0.5	1	243.602	-0.00715052	1347.23	56
T	374	374	38.364	213	161	0	1	1	0.0527689	4.53656e-05	0.5	1	0.5	1	149.399	-4.99424e-08	3587.04	99
T	400	193	7.82614	71	122	0	1	1	0.01752	0.00766891	0.551881	0.042	0.5	1	339.317	-0.0973176	782.614	99
T	62	32	9.61444	15	17	0	1	1	0.0426137	0.0221316	0.53123	0.635	0.5	1	173.97	-0.0561464	149.024	99
T	94	93	36.8956	42	51	0	1	3	0.0366377	-5.90329e-05	0.504853	0.491	0.5	1	186.156	4.8776e-08	867.047	34
T	70	36	9.57165	18	18	0	1	1	0.0924243	0.00707476	0.514278	0.832	0.5	1	78.6181	0.0257245	167.504	99
T	134	64	7.84603	24	40	0.00740686	1	2	0.00659003	0.0107411	0.54267	0.393	0.5	1	249.8	0.082246	262.842	99
T	147	86	11.9752	46	40	0	1	1	0.00547254	-0.00383424	0.504289	0.905	0.5	1	291.694	0.00789121	440.087	99
T	268	268	38.4644	114	154	0	1	1	0.0521502	0.000106453	0.5	1	0.5	1	99.3637	0	2577.12	99
T	262	262	37.7569	128	134	0.00757547	1	3	0.0312106	-0.000900942	0.5	1	0.5	1	55.2421	-0.00371008	2473.07	99
T	80	39	8.51156	10	29	0	1	1	0.00574548	0.0286611	0.554111	0.421	0.5	1	249.92	0.00731338	170.231	99
T	68	34	8.96618	13	21	0	2	2	0.0213888	0.0126074	0.547726	0.497	0.5	1	124.966	0.105963	152.425	99
T	198	106	9.90304	45	61	0	1	1	0.00644499	0.0113639	0.560586	0.073	0.5	1	71.57	-0.101155	490.2	99
T	96	44	7.31082	21	23	0	1	2	0.0730615	-0.0157467	0.512317	0.797	0.5	1	58.9257	-0.02205	175.46	99
T	372	184	8.21868	108	76	0	1	2	0.0117432	0.0160082	0.520223	0.459	0.5	1	223.579	0.037214	764.337	99
T	387	387	38.3494	173	214	0.00769211	1	3	0.0274924	1.0074e-05	0.5	1	0.5	1	325.198	-0.00275062	3710.31	99
T	126	67	9.84798	34	33	0	1	1	0.0399566	0.00349466	0.516354	0.688	0.5	1	86.0393	-0.0298107	310.211	99
T	192	90	7.48816	49	41	0.00518108	1	4	0.0965148	0.0378979	0.539264	0.312	0.5	1	42.0949	0.000698867	359.432	99
T	232	104	6.736	58	46	0	1	1	0.02982	0.0437587	0.537959	0.32	0.5	1	58.4641	-0.0701423	390.688	99
T	299	299	38.5073	165	134	0	1	2	0.0244911	2.2301e-05	0.5	1	0.5	1	105.019	3.86656e-08	2878.42	99
T	27	10	5.60364	5	5	0	1	2	0.0339616	0.000139007	0.629388	0.349	0.5	1	60.3051	-0.218469	37.8245	37
T	5	5	30.6477	2	3	0	1	1	0.0820888	0.0110763	0.5	1	0.5	1	47.1382	0	38.3096	4
T	218	112	9.0482	42	70	0	1	1	0.00833605	0.00786047	0.520577	0.534	0.5	1	236.516	-0.0377903	493.127	99
T	143	68	7.76498	36	32	0	1	1	0.0315081	-0.0052327	0.525918	0.57	0.5	1	184.488	0.0468134	277.598	99
T	391	184	7.37947	82	102	0.00255096	1	1	0.087629	0.0289323	0.527652	0.274	0.5	1	55.0324	-0.0548608	721.343	99
T	155	155	38.1757	56	99	0	1	1	0.0244518	7.18778e-06	0.5	1	0.5	1	326.256	0	1479.31	70
T	24	24	36.8111	23	1	0	1	2	0.0248104	-0.00123481	0.5	1	0.5	1	58.3423	-6.66402e-08	220.867	11
T	149	63	6.04034	43	20	0	1	1	0.056987	-0.00451472	0.513022	0.782	0.5	1	67.681	0.0232298	225.003	99
T	162	162	37.777	86	76	0.0121944	1	1	0.0299393	-0.000270137	0.5	1	0.5	1	65.9566	0.00638654	1529.97	64
T	103	55	9.99798	21	34	0	1	4	0.00581376	0.0178259	0.545438	0.362	0.5	1	178.838	0.0828721	257.448	99
T	75	75	37.9682	66	9	0	1	2	0.0603229	-0.00049975	0.5	1	0.5	1	56.731	4.43815e-08	711.904	34
T	189	189	38.5093	122	67	0	1	1	0.0465706	1.42589e-05	0.5	1	0.5	1	225.874	5.17501e-08	1819.57	85
T	107	107	38.3044	63	44	0	1	2	0.0756559	-0.00066512	0.5	1	0.5	1	62.2748	3.78072e-08	1024.64	48
T	300	300	38.104	138	162	0.00332215	1	1	0.0226663	-2.16034e-06	0.5	1	0.5	1	170.363	0.00293503	2857.8	99
T	33	17	9.99362	7	10	0	1	3	0.0277903	0.016508	0.57339	0.399	0.5	1	189.334	-0.129484	82.4473	73
T	400	196	8.09358	88	108	0	1	2	0.034308	-0.00158299	0.501031	0.972	0.5	1	59.989	0.0188966	809.358	99
T	313	141	6.74387	69	72	0.00318461	1	1	0.00218253	0.0106278	0.513335	0.685	0.5	1	243.752	0.0185736	527.708	99
T	221	112	8.81868	42	70	0	1	1	0.0261503	0.0144094	0.518876	0.599	0.5	1	135.977	0.0298452	487.232	99
T	40	16	6.13491	5	11	0	1	2	0.00542678	-0.000863224	0.665395	0.105	0.5	1	127.598	-0.284119	61.3491	61
T	138	138	38.045	57	81	0.00719373	1	3	0.0281925	0.00077867	0.5	1	0.5	1	55.069	0.00583375	1312.55	55
T	75	44	12.2041	28	16	0	1	2	0.029843	-0.00438234	0.552139	0.315	0.5	1	67.1595	0.0950532	228.826	99
T	196	86	6.44026	51	35	0.00507588	1	1	0.0174246	0.0226834	0.612551	0.003	0.5	1	92.4042	0.202462	315.573	99
T	142	67	7.65892	26	41	0	1	1	0.0874725	0.0228184	0.535703	0.45	0.5	1	54.8748	-0.0547699	271.892	99
T	228	104	6.98511	52	52	0	1	1	0.0419471	0.0267833	0.535081	0.36	0.5	1	190.897	-0.0897056	398.151	99
T	82	47	11.6707	22	25	0	1	1	0.0738265	0.00732186	0.529276	0.573	0.5	1	57.8042	0.0534554	239.25	99
T	97	41	6.16791	19	22	0	1	2	0.0893295	0.041995	0.509869	0.87	0.5	1	176.142	-0.00470928	149.572	99
T	188	188	38.1297	50	138	0.00529073	1	1	0.0426467	6.064e-05	0.5	1	0.5	1	100.743	0.00346324	1792.1	76
T	196	101	9.11719	38	63	0	1	1	0.096911	0.00856844	0.53344	0.336	0.5	1	76.3741	-0.0648997	446.742	99
T	292	158	10.0326	64	94	0.00680249	1	1	0.02519	0.00102533	0.604789	0.001	0.5	1	236.758	-0.198102	732.382	99
T	170	81	7.79225	42	39	0.00584761	1	1	0.00536653	-0.00246158	0.530249	0.466	0.5	1	209.785	0.0730984	331.171	99
T	224	112	8.51532	50	62	0	1	2	0.0937047	0.00540579	0.509013	0.757	0.5	1	60.0236	-0.0164146	476.858	99
T	49	20	6.1636	11	9	0	1	2	0.0511752	-0.00690252	0.50103	1	0.5	1	69.3074	0.0146258	75.5041	75
T	91	44	8.0448	14	30	0.0618493	1	1	0.105364	0.00912787	0.605689	0.068	0.5	1	133.189	-0.182866	183.019	99
T	89	53	12.6624	24	29	0	1	1	0.0422215	0.0271969	0.5079	0.859	0.5	1	148.497	-0.0144773	281.738	99
T	211	206	34.4806	95	111	0.00471676	1	5	0.0389816	0.00430027	0.512819	0.027	0.5	1	48.4101	-0.0204717	1818.85	47
T	173	85	8.26018	28	57	0	1	1	0.0112227	0.00538447	0.526557	0.531	0.5	1	307.189	0.0524999	357.253	99
T	398	190	7.64645	103	87	0.00499988	1	2	0.0161073	0.00842497	0.50697	0.784	0.5	1	215.505	0.0308391	760.822	99
T	189	189	38.5103	104	85	0	1	3	0.0509374	2.26539e-05	0.5	1	0.5	1	320.001	0	1819.61	85
T	175	82	7.46419	36	46	0	1	1	0.0338945	0.0179204	0.506778	0.864	0.574613	0.018	173.317	-0.0191251	326.558	99
T	234	136	11.6746	75	61	0	1	1	0.021512	0.0179254	0.504132	0.883	0.5	1	63.3607	-0.0120826	682.963	99
T	71	71	37.9188	65	6	0	1	1	0.053893	0.00067773	0.5	1	0.5	1	59.3791	-3.32452e-08	673.058	32
T	131	76	11.8589	46	30	0	1	1	0.0613942	0.0112117	0.521844	0.614	0.5	1	82.4817	-0.0389152	388.379	99
T	324	324	38.3938	187	137	0.00613478	1	1	0.019436	0.000219019	0.5	1	0.5	1	149.448	3.38582e-08	3109.9	99
T	138	74	10.0088	34	40	0	1	2	0.0617844	-0.0269771	0.54053	0.318	0.5	1	46.6394	-0.0609099	345.305	99
T	175	175	38.2723	101	74	0	1	2	0.0527289	2.29286e-05	0.5	1	0.5	1	337.425	0	1674.41	79
T	118	118	38.4162	62	56	0	1	1	0.0471013	0.000143458	0.5	1	0.5	1	61.9207	0	1133.28	53
T	259	259	38.0492	116	143	0.00766254	1	2	0.028446	-2.63894e-05	0.5	1	0.5	1	226.393	-0.00409211	2463.68	99
T	257	125	8.01143	71	54	0	1	1	0.0365712	0.025067	0.507816	0.805	0.5	1	297.324	0.018655	514.734	99
T	344	344	38.2195	131	213	0.0114939	1	1	0.0457248	0.000170423	0.5	1	0.5	1	115.228	0.00223481	3286.88	99
T	26	26	37.4111	9	17	0	1	1	0.106041	0.000575046	0.5	1	0.5	1	160.425	0	243.172	12
T	63	26	6.10259	6	20	0	1	4	0.0497924	0.0566373	0.700643	0.011	0.5	1	63.306	-0.230318	96.1158	96
T	96	63	15.2454	18	45	0	1	2	0.00774916	-0.00370878	0.543845	0.265	0.5	1	337.004	-0.0808703	365.89	94
T	67	22	3.73373	14	8	0	1	2	0.0844202	0.0114716	0.696166	0.037	0.5	1	59.3348	0.336832	62.54	62
T	111	57	9.29279	37	20	0	1	1	0.116795	0.0153046	0.519474	0.732	0.5	1	194.088	-0.0245069	257.875	99
T	137	135	36.8273	63	72	0.00724585	1	2	0.0629375	0.0040502	0.507811	0.166	0.5	1	58.9277	-0.0074858	1261.34	45
T	171	88	9.12961	46	42	0	1	1	0.0380365	0.0392392	0.502263	0.967	0.5	1	57.2389	0.0335728	390.291	99
T	76	31	5.81255	8	23	0	1	1	0.0402895	0.0118296	0.5702	0.373	0.5	1	164.951	-0.0819387	110.438	99
T	103	50	8.22728	19	31	0	1	2	0.0167413	0.0198137	0.548874	0.36	0.5	1	196.5	-0.0777973	211.852	99
T	124	51	5.75298	5	46	0.0387567	1	5	0.0886629	0.0129374	0.719059	0.005	0.5	1	50.7944	-0.406883	178.342	99
T	130	70	10.1979	26	44	0	1	2	0.0455596	0.010437	0.561906	0.176	0.5	1	63.7537	0.113447	331.432	99
T	172	172	37.7852	81	91	0.00578001	1	3	0.0179802	-1.59251e-05	0.5	1	0.5	1	288.919	0.00520197	1624.76	69
T	171	97	11.2414	44	53	0	1	1	0.0534007	-0.00162948	0.509257	0.778	0.5	1	61.7925	0.0121592	480.57	99
T	397	170	6.00273	74	96	0.00749981	1	1	0.00842069	0.00144226	0.546034	0.123	0.5	1	210.606	-0.0673184	595.771	99
T	140	140	38.5983	57	83	0	1	1	0.0815168	0.000311104	0.5	1	0.5	1	74.0115	0	1350.94	63
T	399	203	8.78288	102	101	0.00249994	1	1	0.000733023	-0.00142871	0.536394	0.13	0.5	1	128.548	-0.0862095	876.092	99
T	152	87	11.4331	36	51	0	1	1	0.0278849	0.0125434	0.507461	0.841	0.5	1	208.859	-0.0137055	434.456	99
T	8	7	28.1499	6	1	0	1	3	0.0628108	0.00160285	0.666107	0.137	0.5	1	287.759	0.2842	56.2998	6
T	20	20	39.1267	10	10	0	1	1	0.0627182	0.000531639	0.5	1	0.5	1	196.782	0	195.633	9
T	157	157	38.2268	98	59	0	1	1	0.0562958	0.000219895	0.5	1	0.5	1	91.4764	0	1500.4	71
T	156	83	9.7662	37	46	0	1	1	0.0233779	0.0644816	0.522315	0.56	0.5	1	73.1056	-0.0407481	380.882	99
T	207	207	38.4106	114	93	0.014285	1	1	0.0876589	-0.000259164	0.5	1	0.5	1	94.5281	3.95947e-08	1987.75	92
T	394	394	37.8159	197	197	0.0149996	1	1	0.0208066	0.000982754	0.5	1	0.5	1	69.5442	0.000794544	3724.87	99
T	392	379	34.9165	175	204	0	1	6	0.00918999	0.00027341	0.512798	0.007	0.5	1	313.305	-0.0084471	3421.82	75
T	127	65	9.10862	27	38	0	1	1	0.00872784	-0.00226732	0.510064	0.836	0.5	1	361.604	-0.0182764	289.199	99
T	125	125	38.2594	66	59	0.00793588	1	3	0.0174396	1.19981e-05	0.5	1	0.5	1	306.676	0	1195.61	56
T	87	84	34.8664	20	64	0	1	4	0.0208743	0.00252179	0.534875	0.005	0.5	1	88.6022	-0.0450307	758.345	19
T	107	46	6.35433	30	16	0	1	4	0.0216292	0.0134624	0.576396	0.176	0.5	1	365.655	0.135708	169.978	99
T	211	211	37.7999	123	88	0.00471676	1	1	0.0388657	1.67354e-05	0.5	1	0.5	1	248.976	-0.00415815	1993.94	89
T	379	379	37.4701	247	132	0.0181342	1	5	0.0286046	6.16861e-05	0.5	1	0.5	1	264.76	0.00360149	3550.29	99
T	138	138	37.4799	68	70	0.0142847	1	2	0.0368477	0.00333791	0.5	1	0.5	1	60.9538	-0.00704294	1293.06	49
T	375	375	37.8068	132	243	0.0284967	1	2	0.0829137	0.000456533	0.5	1	0.5	1	96.4165	0.000314818	3544.39	99
T	159	159	38.5243	121	38	0	1	1	0.0341111	1.80248e-05	0.5	1	0.5	1	250.428	0	1531.34	72
T	317	141	6.49045	76	65	0.0062694	1	2	0.0352748	0.00573303	0.515402	0.608	0.5	1	51.5922	0.0458642	514.368	99
T	391	222	11.0808	107	115	0.00761402	1	1	0.0581295	0.0217098	0.557738	0.009	0.5	1	147.098	0.12218	1083.15	99
T	246	246	37.8854	118	128	0.00806419	1	2	0.0433537	2.38699e-05	0.5	1	0.5	1	321.378	0.00756436	2329.95	94
T	168	71	5.99862	31	40	0.00591681	1	1	0.0135443	-0.00591791	0.592419	0.047	0.5	1	67.4457	-0.160592	251.942	99
T	280	135	7.87473	72	63	0	1	1	0.0330325	0.0104111	0.523989	0.436	0.5	1	64.2562	-0.04363	551.231	99
T	181	71	5.06229	48	23	0.0054942	1	1	0.0471368	-0.0184878	0.601653	0.034	0.5	1	71.6021	0.179722	229.068	99
T	94	94	38.0184	36	58	0	1	1	0.0339696	7.42155e-05	0.5	1	0.5	1	142.453	5.09153e-08	893.432	42
T	395	156	4.99496	46	110	0.0124997	1	2	0.0084578	-0.018218	0.65541	0	0.5	1	54.8429	-0.294031	493.253	99
T	213	114	9.85269	51	63	0.00467268	1	1	0.00701243	0.0161234	0.50337	0.908	0.5	1	139.393	-0.0104397	524.656	99
T	99	99	37.7671	48	51	0	1	1	0.0701948	0.000336945	0.5	1	0.5	1	214.199	0	934.737	44
T	57	57	38.4554	32	25	0.0499917	1	1	0.00874332	-2.50575e-05	0.5	1	0.5	1	151.912	-6.31293e-08	547.989	26
T	224	102	6.95814	31	71	0	1	2	0.0643977	0.00348721	0.511058	0.774	0.5	1	58.9067	0.0199843	389.656	99
T	215	107	8.44288	67	40	0	1	1	0.0454689	0.00456055	0.503105	0.946	0.5	1	134.183	0.017586	453.805	99
T	84	51	13.0427	16	35	0.0117633	1	2	0.0216203	0.00138891	0.573741	0.111	0.5	1	211.879	-0.134874	273.896	99
T	240	240	38.5584	106	134	0	1	1	0.0423856	0.000114692	0.5	1	0.5	1	70.1884	0	2313.5	99
T	167	93	10.7793	46	47	0	1	1	0.0750224	0.0154899	0.527571	0.441	0.5	1	148.826	0.0454459	450.036	99
T	149	149	38.5187	66	83	0	1	1	0.0742028	0.000367103	0.5	1	0.5	1	72.9674	0	1434.82	67
T	82	45	10.6597	30	15	0	1	2	0.0475426	0.00928955	0.54865	0.336	0.5	1	119.492	0.106338	218.523	99
T	144	80	10.7362	44	36	0.00689608	1	1	0.0207462	-0.00407676	0.536203	0.358	0.5	1	60.2316	0.0620042	386.505	99
T	200	200	38.2375	103	97	0.0147776	1	3	0.0253254	1.4011e-05	0.5	1	0.5	1	217.924	4.11022e-08	1911.88	90
T	200	95	7.69544	32	63	0.00497488	1	1	0.0148418	0.00268747	0.562423	0.107	0.5	1	350.841	-0.112798	384.772	99
T	56	20	4.57552	7	13	0	1	2	0.0124689	0.0195713	0.564085	0.465	0.5	1	56.1322	-0.109554	64.0572	64
T	31	31	37.4203	16	15	0	1	2	0.0922477	-0.00275859	0.5	1	0.5	1	69.3779	0	290.007	14
T	353	186	9.46261	112	74	0.0112042	1	1	0.0186157	0.0249767	0.567712	0.008	0.5	1	139.693	0.12377	835.076	99
T	270	270	37.7586	130	140	0.0036899	1	1	0.0425085	6.38977e-05	0.5	1	0.5	1	94.6617	0	2548.7	99
T	259	119	7.10108	45	74	0.00384601	1	3	0.0308865	0.0202643	0.532549	0.331	0.5	1	162.206	-0.0619419	459.795	99
T	74	34	7.46737	10	24	0	1	1	0.0139571	0.00861894	0.579558	0.235	0.5	1	366.195	-0.131821	138.146	99
T	177	92	9.31555	36	56	0	1	1	0.0150669	-0.00199378	0.567553	0.08	0.5	1	72.5321	-0.123136	412.213	99
T	182	105	11.5784	58	47	0	1	1	0.00586663	0.0170303	0.519333	0.59	0.5	1	67.861	-0.0356081	526.815	99
T	46	26	11.594	11	15	0	1	1	0.0366923	0.0195454	0.533872	0.607	0.5	1	148.541	-0.0609872	133.332	80
T	170	170	37.8235	71	99	0.00584761	1	2	0.0110591	0.00017933	0.5	1	0.5	1	161.517	-0.00665627	1607.5	68
T	114	54	7.75866	1	53	0	1	1	0.0980555	0.020211	0.658309	0.253	0.5	1	49.9167	-0.276963	221.122	99
T	177	177	38.0794	73	104	0.00561766	1	1	0.026587	0.000310196	0.5	1	0.5	1	71.7096	-0.0064764	1685.01	73
T	194	107	10.5108	66	41	0.00512794	1	2	0.0104621	0.00904187	0.501836	0.967	0.5	1	377.902	-0.00336879	509.774	99
T	219	219	38.5085	90	129	0	1	1	0.0228814	2.04277e-05	0.5	1	0.5	1	176.754	0	2108.34	99
T	59	35	12.7949	21	14	0	1	3	0.0213578	0.00823611	0.507038	0.91	0.5	1	302.247	0.0128065	188.724	88
T	54	26	8.48963	8	18	0.0357079	1	1	0.0133135	-0.00649084	0.707708	0.005	0.5	1	139.877	-0.356874	114.61	99
T	144	76	9.67093	50	26	0.0136977	1	3	0.00829312	0.00449433	0.525571	0.562	0.5	1	328.027	-0.0467139	348.154	99
T	65	37	11.5489	20	17	0	1	1	0.0382318	0.0287587	0.532871	0.565	0.5	1	168.371	0.0597072	187.669	99
T	88	47	10.1162	28	19	0	1	1	0.0657866	0.0274848	0.539775	0.467	0.5	1	70.116	0.072136	222.557	99
T	209	209	38.4797	81	128	0	1	1	0.0151667	1.41944e-06	0.5	1	0.5	1	219.319	0	2010.57	95
T	87	51	12.1903	0	51	0	1	1	0.0366213	0.00591932	0.999619	0.026	0.5	1	148.86	-0.84591	265.139	99
T	264	134	8.7338	61	73	0	1	1	0.0248669	-0.0178799	0.533476	0.244	0.5	1	64.3997	-0.0575872	576.431	99
T	150	78	9.4315	42	36	0	1	1	0.0841995	0.018349	0.505153	0.918	0.5	1	86.8832	0.0093896	353.681	99
T	136	56	5.70239	18	38	0	1	2	0.0628149	0.0226618	0.574089	0.187	0.5	1	97.163	-0.123132	193.881	99
T	135	135	38.2059	90	45	0	1	1	0.0374627	-2.36712e-05	0.5	1	0.5	1	182.221	0	1289.45	61
T	199	86	6.26891	45	41	0.00994975	1	1	0.0253543	-0.00984691	0.575631	0.071	0.5	1	386.111	0.146616	311.878	99
T	99	49	8.63206	26	23	0	1	2	0.0270648	0.00282167	0.514919	0.777	0.5	1	219.334	-0.0269385	213.643	99
T	93	33	4.25338	17	16	0	1	1	0.0464667	0.0335081	0.500978	0.987	0.5	1	209.744	-0.00169777	98.8912	98
T	84	34	5.69462	17	17	0	1	1	0.0158888	0.0352958	0.559489	0.395	0.5	1	289.006	0.11225	119.587	99
T	82	40	8.42065	12	28	0	1	2	0.0979276	-0.00270068	0.51999	0.768	0.5	1	55.9914	-0.0522193	172.623	99
T	151	58	4.91008	34	24	0	1	2	0.0187855	-0.00372681	0.503298	0.958	0.5	1	247.67	-0.013018	185.356	99
T	135	67	8.52516	32	35	0.0073524	1	1	0.0161405	0.0256622	0.533456	0.468	0.5	1	262.724	-0.0410759	287.724	99
T	235	117	8.35075	85	32	0	1	1	0.0131293	0.015054	0.514405	0.69	0.5	1	213.966	0.0311312	490.606	99
T	30	30	37.3146	21	9	0.0908816	1	1	0.0232565	0.00016194	0.5	1	0.5	1	153.133	0	279.86	13
T	163	95	11.8236	46	49	0	1	2	0.14193	-0.00735174	0.53647	0.264	0.5	1	57.708	0.0671825	481.81	99
T	108	106	36.502	41	65	0	1	2	0.0104963	3.0576e-05	0.502207	0.782	0.5	1	385.702	3.93175e-08	985.554	33
T	217	98	6.84938	59	39	0	1	3	0.0199067	0.00726192	0.586463	0.024	0.5	1	348.741	0.155875	371.579	99
T	56	56	37.9644	24	32	0	1	2	0.0517902	0.0003045	0.5	1	0.5	1	66.5874	0	531.502	25
T	96	95	37.1547	34	61	0.0103082	1	1	0.117244	0.00109623	0.504064	0.515	0.5	1	112.576	5.04002e-08	891.712	35
T	277	126	6.92158	83	43	0.00359699	1	2	0.0278564	0.0211944	0.595999	0.003	0.5	1	161.568	0.175238	479.319	99
T	181	181	38.2023	78	103	0.0054942	1	2	0.0760322	-0.000236749	0.5	1	0.5	1	64.6827	0	1728.65	82
T	45	28	13.4662	13	15	0	1	2	0.0365584	-0.00316528	0.612167	0.057	0.5	1	58.5357	-0.221613	151.495	60
T	89	89	38.5092	32	57	0	1	1	0.0397672	0.000303501	0.5	1	0.5	1	70.6706	-5.90485e-08	856.829	40
T	260	129	8.39563	71	58	0.071426	1	1	0.0424002	0.0280337	0.565559	0.038	0.5	1	64.1548	0.107934	545.716	99
T	28	14	9.7032	7	7	0	2	2	0.0145409	0.0310391	0.535663	0.766	0.5	1	184.356	0.103585	67.9224	64
T	131	131	37.5715	75	56	0.00757518	1	2	0.0607181	0.00013674	0.5	1	0.5	1	233.158	0.00856253	1230.47	51
T	179	84	7.52602	48	36	0	1	1	0.0111146	0.0175373	0.507315	0.847	0.5	1	275.122	0.0177235	336.789	99
T	211	117	10.5582	64	53	0.014018	1	7	0.0180778	0.0088406	0.541344	0.178	0.5	1	263.859	-0.0346269	556.947	99
T	400	213	9.6873	109	104	0	1	1	0.00175458	-0.00861237	0.505767	0.801	0.5	1	207.836	-0.0345632	968.73	99
T	114	53	7.46381	27	26	0.0086949	1	1	0.0108913	0.00570192	0.50943	0.884	0.5	1	304.889	0.00782084	212.719	99
T	87	87	38.2629	33	54	0	1	1	0.0215513	0.000188163	0.5	1	0.5	1	63.3649	0	832.219	39
T	345	345	38.3541	234	111	0.00576352	1	1	0.0403706	-3.76688e-06	0.5	1	0.5	1	127.997	0	3308.04	99
T	253	253	37.1489	81	172	0.0380214	1	3	0.0448013	0.000163123	0.5	1	0.5	1	144.638	-0.000267148	2349.67	82
T	397	397	37.8202	200	197	0.00749981	1	1	0.0999131	2.37609e-05	0.5	1	0.5	1	297.058	0	3753.66	99
T	221	121	10.3456	64	57	0.0045043	1	1	0.0205782	0.0130624	0.544674	0.128	0.5	1	69.0009	0.0820178	571.595	99
T	20	7	5.57518	5	2	0	1	1	0.0757815	0.0079713	0.713673	0.204	0.5	1	177.389	0.34615	27.8759	27
T	199	124	13.6477	61	63	0.00499975	1	1	0.0174705	0.00335422	0.509527	0.733	0.5	1	329.564	0.0176542	678.972	99
T	249	142	11.2771	66	76	0	1	3	0.0168306	0.0074187	0.502957	0.912	0.5	1	274.204	0.00544888	702.001	99
T	381	195	8.89134	64	131	0	1	1	0.013879	0.0281537	0.534722	0.151	0.5	1	290.909	-0.0660564	846.9	99
T	248	248	38.2926	131	117	0.0158724	1	1	0.0654204	-0.000226589	0.5	1	0.5	1	63.6042	0	2374.14	99
T	398	199	8.38698	109	90	0.00499988	1	1	0.0112528	0.0252765	0.555191	0.027	0.5	1	197.488	0.0931142	834.504	99
T	235	106	6.80596	46	60	0.00423711	1	1	0.0758355	0.0168909	0.513027	0.716	0.5	1	72.725	-0.0407404	399.85	99
T	114	114	38.1775	50	64	0.0172399	1	1	0.105012	0.000218218	0.5	1	0.5	1	184.877	0	1088.06	52
T	145	145	38.2259	70	75	0	1	1	0.0502066	-0.000231584	0.5	1	0.5	1	78.2654	-4.01417e-08	1385.69	65
T	142	142	38.1217	70	72	0	1	1	0.0521887	2.54223e-05	0.5	1	0.5	1	189.474	0	1353.32	64
T	115	53	7.33729	31	22	0	1	4	0.00700469	0.0180655	0.533822	0.54	0.5	1	287.492	-0.0648909	210.947	99
T	124	58	7.52951	38	20	0.00799936	1	1	0.0697872	-0.00325559	0.578427	0.118	0.5	1	172.132	0.134706	233.415	99
T	60	42	17.8913	37	5	0	1	1	0.0196423	0.017888	0.566292	0.281	0.5	1	94.9389	0.121495	268.369	47
T	118	55	7.56808	6	49	0.0166653	1	1	0.0164224	0.031514	0.595102	0.183	0.5	1	142.787	-0.143939	223.258	99
T	81	37	7.4242	18	19	0	1	1	0.0242987	0.0295323	0.604379	0.101	0.5	1	233.75	0.187254	150.34	99
T	145	145	37.8095	88	57	0.00684885	1	1	0.113795	0.000679762	0.5	1	0.5	1	72.2315	0	1370.59	57
T	76	76	37.6604	41	35	0	1	1	0.0962242	0.000831305	0.5	1	0.5	1	80.0552	0.0141179	715.548	34
T	8	8	36.9197	4	4	0	1	2	0.0410288	0.00281437	0.5	1	0.5	1	88.9293	0	73.8394	4
T	96	44	7.30936	24	20	0	1	2	0.049339	-0.0128057	0.506689	0.913	0.5	1	62.4965	-0.0119777	175.425	99
T	178	178	38.3092	121	57	0	1	1	0.010058	3.01164e-06	0.5	1	0.5	1	362.341	0	1704.76	80
T	75	31	6.02851	15	16	0.0506265	1	3	0.0231272	0.0401555	0.549325	0.514	0.5	1	143.497	-0.0539794	113.035	99
T	115	115	38.0853	42	73	0	1	1	0.159286	0.00013163	0.5	1	0.5	1	259.075	-0.01144	1094.95	52
T	46	22	8.38096	10	12	0	1	1	0.0280444	0.0199416	0.542131	0.614	0.5	1	62.1193	0.074684	96.3811	96
T	176	176	38.5226	76	100	0.0167588	1	1	0.0162319	0.000296324	0.5	1	0.5	1	60.9161	-5.63472e-08	1695	80
T	36	20	11.3809	15	5	0	1	1	0.0804224	0.0188378	0.538425	0.679	0.5	1	59.0198	-0.128857	102.428	67
T	94	93	36.8954	55	38	0	1	3	0.0151924	0.000100557	0.506492	0.278	0.5	1	323.035	0.0123125	867.041	34
T	100	98	36.5687	69	29	0	1	3	0.0143401	1.1149e-05	0.507141	0.414	0.5	1	158.653	-0.0135495	914.218	29
T	82	44	10.2306	2	42	0	1	3	0.0524056	0.0174971	0.556315	0.825	0.5	1	166.51	0.107602	209.728	99
T	94	47	8.76972	23	24	0	1	5	0.0194543	0.00592364	0.605908	0.061	0.5	1	243.716	-0.171941	206.088	99
T	339	159	7.38339	76	83	0.00586493	1	1	0.00227504	0.0192649	0.526424	0.349	0.5	1	288.976	-0.0479605	625.742	99
T	53	53	37.6883	21	32	0.0185151	1	1	0.0543418	0.00060605	0.5	1	0.5	1	99.2536	3.70667e-08	499.37	24
T	142	70	8.39701	65	5	0	1	1	0.0708163	0.00170906	0.635485	0.18	0.5	1	64.6924	-0.251658	298.094	99
T	151	88	11.9215	47	41	0	1	1	0.0100974	0.00565825	0.504306	0.892	0.5	1	291.99	0.0031543	450.035	99
T	32	13	6.51278	9	4	0.0302939	1	1	0.0313349	9.22975e-05	0.606048	0.335	0.5	1	121.577	0.180198	52.1022	52
T	121	117	33.2221	53	64	0	1	2	0.185302	0.023054	0.501567	0.902	0.5	1	49.9084	-0.0215605	1004.97	24
T	49	28	12.1067	6	22	0.019996	1	2	0.0129152	0.0259005	0.514883	0.865	0.5	1	213.41	-0.0268407	148.307	83
T	93	55	12.3927	27	28	0.0312467	1	2	0.0355062	-0.00384836	0.582552	0.059	0.5	1	80.2039	0.15905	288.13	99
T	82	45	10.7544	29	16	0	1	1	0.101408	0.016257	0.562115	0.223	0.5	1	79.4489	0.122183	220.466	99
T	146	82	10.9889	21	61	0	1	2	0.0533707	0.0011436	0.63707	0.001	0.5	1	129.169	-0.249958	401.097	99
T	81	81	37.4687	32	49	0.0240935	1	1	0.0646641	0.000667835	0.5	1	0.5	1	67.8641	3.6597e-08	758.741	36
T	183	97	9.69088	47	50	0	1	1	0.0191917	0.00985377	0.518189	0.599	0.5	1	347.746	-0.0290637	443.358	99
T	154	63	5.58481	31	32	0	1	1	0.055684	0.0280119	0.505051	0.916	0.5	1	95.595	0.000375095	215.015	99
T	190	190	37.8943	47	143	0.00523533	1	1	0.0771989	0.000471974	0.5	1	0.5	1	73.5346	0.00331863	1799.98	77
T	273	127	7.22873	82	45	0.0036495	1	1	0.0168292	0.00342678	0.501071	0.978	0.5	1	222.199	-0.00103582	493.361	99
T	141	141	38.1388	54	87	0.00704176	1	1	0.0188343	-3.09126e-05	0.5	1	0.5	1	234.966	0	1344.39	64
T	38	20	10.3412	13	7	0	1	1	0.0625855	-0.00464185	0.64985	0.042	0.5	1	67.3117	0.266477	98.2416	80
T	115	63	10.4942	24	39	0	1	2	0.0750767	0.0127218	0.519994	0.647	0.5	1	168.176	-0.0312753	301.71	99
T	354	140	5.00892	98	42	0	1	3	0.0898728	0.00631042	0.512648	0.727	0.5	1	58.2082	0.0102455	443.289	99
T	201	201	37.8768	101	100	0.00495025	1	2	0.112828	-7.57915e-05	0.5	1	0.5	1	163.936	0	1903.31	82
T	304	137	6.74965	69	68	0	1	4	0.0156919	-0.00241703	0.529255	0.343	0.5	1	252.847	-0.0528884	512.973	99
T	58	58	38.6128	25	33	0.0169463	1	1	0.0313881	9.16248e-05	0.5	1	0.5	1	324.971	0	559.886	26
T	151	76	8.79151	47	29	0	1	2	0.0702242	0.0116989	0.557197	0.149	0.5	1	246.046	0.103785	331.88	99
T	133	133	38.2122	56	77	0.00746213	1	1	0.0784175	5.60514e-05	0.5	1	0.5	1	276.577	-5.15489e-08	1270.55	60
T	140	75	10.0628	34	41	0	1	1	0.0467276	0.0253906	0.591339	0.037	0.5	1	130.876	0.167486	352.199	99
T	119	63	9.84681	27	36	0	1	1	0.00659762	-0.011436	0.5	0.989	0.5	1	300	0	292.943	99
T	115	44	4.90687	26	18	0	1	2	0.0335755	-0.0232219	0.611714	0.072	0.5	1	75.0087	0.196776	141.073	99
T	181	181	38.2334	84	97	0	1	2	0.0212927	-9.23413e-05	0.5	1	0.5	1	68.7166	0	1730.06	82
T	104	42	5.56384	18	24	0	1	2	0.0121245	0.00577992	0.515486	0.811	0.5	1	171.605	0.0305445	144.66	99
T	77	40	9.58689	26	14	0	1	2	0.0105394	0.0146959	0.555834	0.348	0.5	1	173.91	0.10065	184.548	99
T	27	16	13.1951	16	0	0	1	1	0.120904	0.0212956	0.99877	0.201	0.5	1	297.717	0	89.0668	44
T	234	117	8.51381	53	64	0.00847422	1	1	0.0202532	0.00325114	0.593178	0.003	0.5	1	229.696	-0.134318	498.058	99
T	91	41	7.15369	16	25	0	1	1	0.0466442	0.0172044	0.51704	0.792	0.5	1	139.212	-0.0387602	162.746	99
T	29	13	7.93528	10	3	0	1	2	0.0308075	0.0489213	0.559344	0.678	0.5	1	110.341	0.101624	57.5308	57
T	64	29	7.33571	17	12	0	1	1	0.0535192	-0.000946322	0.616126	0.102	0.5	1	67.4099	0.193969	117.371	99
T	97	44	7.16014	20	24	0	1	2	0.0299115	0.0419924	0.570863	0.21	0.5	1	93.6158	-0.126851	173.633	99
T	108	51	7.76466	27	24	0	1	2	0.0268837	-0.00650636	0.592231	0.096	0.5	1	61.1734	-0.166663	209.646	99
T	283	125	6.4812	50	75	0	1	1	0.0133314	0.0348382	0.560335	0.066	0.5	1	256.543	-0.125649	458.545	99
T	201	201	38.2707	121	80	0	1	1	0.100839	0.00044378	0.5	1	0.5	1	59.0486	0	1923.1	91
T	177	80	6.94282	18	62	0.0111726	1	2	0.0152475	-0.0200449	0.50673	0.898	0.5	1	153.448	0.0450607	307.22	99
T	206	206	38.3503	99	107	0	1	1	0.0743048	0.000239342	0.5	1	0.5	1	67.5098	-3.99718e-08	1975.04	93
T	94	54	11.6155	29	25	0	1	3	0.0400442	-0.00845789	0.527039	0.556	0.5	1	58.4104	-0.0494719	272.964	99
T	119	49	5.7774	24	25	0	1	1	0.00429118	0.00608862	0.544499	0.454	0.5	1	202.006	0.0790875	171.878	99
T	115	45	5.16108	23	22	0	1	1	0.0429299	0.0466158	0.55424	0.385	0.5	1	155.845	-0.0753299	148.381	99
T	225	108	7.78234	43	65	0	1	4	0.0147938	0.0252215	0.556244	0.1	0.5	1	50.9682	-0.103615	437.757	99
T	141	141	38.1842	60	81	0	1	1	0.0960502	7.90318e-05	0.5	1	0.5	1	228.449	0	1345.99	64
T	100	100	38.1039	46	54	0.00990001	1	2	0.022582	1.28825e-05	0.5	1	0.5	1	139.841	0	952.598	45
T	199	85	6.09446	42	43	0	1	1	0.0156905	0.00825476	0.598609	0.021	0.5	1	193.717	-0.177427	303.2	99
T	201	101	8.65078	52	49	0.00495025	1	1	0.0384381	0.00993013	0.556986	0.103	0.5	1	218.692	0.104712	434.702	99
T	399	224	10.8445	151	73	0.00249994	1	1	0.0247842	0.00671131	0.538761	0.087	0.5	1	145.712	0.105938	1081.73	99
T	46	27	12.4758	6	21	0	1	2	0.058888	0.0397568	0.507037	0.944	0.5	1	103.721	0	143.471	72
T	126	54	6.23031	27	27	0	1	2	0.0776567	-0.00446102	0.595204	0.088	0.5	1	49.368	0.226911	196.255	99
T	19	19	38.5544	13	6	0	1	1	0.0424263	0.000914978	0.5	1	0.5	1	102.097	3.851e-08	183.134	9
T	75	37	8.61172	18	19	0	1	1	0.0168896	-0.0104125	0.519845	0.744	0.5	1	52.521	0.0487071	161.47	99
T	111	51	7.3571	28	23	0	1	1	0.011687	0.00975622	0.535586	0.515	0.5	1	198.128	0.0638518	204.159	99
T	218	103	7.59115	71	32	0.0090905	1	2	0.0686423	0.00210487	0.562586	0.098	0.5	1	253.4	0.110366	413.718	99
T	218	87	5.21169	38	49	0	2	1	0.0212518	0.0143379	0.510366	0.825	0.5	1	299.288	0.0113975	284.037	99
T	201	201	37.8717	97	104	0.00495025	1	1	0.0231654	5.42108e-05	0.5	1	0.5	1	197.769	4.19613e-08	1903.05	82
T	104	54	9.42273	24	30	0	1	1	0.033999	0.011999	0.517235	0.751	0.5	1	64.2565	-0.0312668	244.991	99
T	136	136	37.8377	76	60	0.00729874	1	3	0.0267665	0.000522952	0.5	1	0.5	1	62.6863	0.00841184	1286.48	53
T	209	94	6.81528	69	25	0	1	1	0.00303606	0.013972	0.560203	0.138	0.5	1	137.462	0.100866	356.098	99
T	121	56	7.42203	23	33	0.00819605	1	2	0.0054612	0.0301162	0.51108	0.859	0.5	1	170.578	-0.0263906	224.517	99
T	82	34	6.03571	14	20	0	1	2	0.0244303	0.0210725	0.552295	0.464	0.5	1	256.443	-0.0922502	123.732	99
T	220	109	8.40655	39	70	0	1	2	0.0170194	0.0256203	0.533845	0.362	0.5	1	144.414	0.0586572	462.36	99
T	278	272	35.9106	140	132	0.0035841	1	2	0.0225516	0.00384459	0.500318	0.922	0.5	1	53.5649	-0.00992216	2495.79	72
T	72	29	5.80332	2	27	0.181798	1	1	0.0115249	0.0177052	0.557341	0.812	0.5	1	299.728	0.0227584	104.46	99
T	101	101	37.6767	48	53	0	1	1	0.0557186	7.07284e-05	0.5	1	0.5	1	269.522	0	951.337	45
T	331	331	37.7883	138	193	0.0119399	1	2	0.0720297	0.00119885	0.5	1	0.5	1	61.7577	-0.0103299	3126.98	99
T	161	81	8.73284	35	46	0.00617246	1	1	0.0708187	0.0243394	0.534047	0.431	0.5	1	162.843	-0.0558267	351.497	99
T	46	25	10.7441	13	12	0	1	1	0.049449	0.0170659	0.563208	0.361	0.5	1	176.706	0.113552	123.557	88
T	332	157	7.49783	92	65	0	1	2	0.110275	0.018167	0.504514	0.897	0.5	1	50.1282	-0.00923267	622.32	99
T	15	9	13.9451	6	3	0	1	1	0.0950932	0.0502408	0.571265	0.539	0.5	1	54.8913	0.122922	52.2941	27
T	115	57	8.52765	35	22	0	1	3	0.0474984	-0.025867	0.550297	0.304	0.5	1	74.4378	0.0908719	245.17	99
T	323	159	8.18013	81	78	0	1	3	0.0380471	0.0100222	0.523099	0.419	0.5	1	63.0201	-0.0392521	660.545	99
T	254	254	38.2209	97	157	0.0193043	1	2	0.0245144	0.000768693	0.5	1	0.5	1	63.0958	0.00302691	2427.03	99
T	45	26	12.0779	17	9	0	1	2	0.12207	0.00652433	0.565767	0.367	0.5	1	65.3155	-0.102209	135.877	74
T	46	13	2.93597	4	9	0	1	1	0.011893	0.0144679	0.585654	0.518	0.5	1	266.648	0.214756	33.7637	33
T	86	41	7.97993	20	21	0	1	1	0.0548649	0.0135441	0.523798	0.688	0.5	1	133.155	-0.0427093	171.568	99
T	162	83	9.04393	36	47	0.00613459	1	4	0.0621773	0.0163907	0.565604	0.102	0.5	1	56.6247	0.115443	366.279	99
T	107	107	38.3071	30	77	0	1	1	0.00932529	-1.65319e-05	0.5	1	0.5	1	254.793	0	1024.71	48
T	396	396	38.1615	203	193	0.00999975	1	2	0.0453297	2.09044e-05	0.5	1	0.5	1	210.052	-0.00150283	3777.99	99
T	172	83	7.96831	37	46	0.00578001	2	2	0.0499712	0.0124662	0.638769	0	0.5	1	234.397	-0.258735	342.637	99
T	294	165	10.7487	87	78	0	1	1	0.013268	0.00854141	0.523878	0.347	0.5	1	74.523	-0.046454	790.028	99
T	201	201	37.2381	100	101	0.0147052	1	2	0.108515	0.00170893	0.5	1	0.5	1	56.0868	-0.00942971	1871.22	66
T	102	47	7.47614	17	30	0	1	2	0.0998639	0.0161718	0.553466	0.372	0.5	1	223.587	0.0899029	190.642	99
T	318	186	11.8317	109	77	0	1	3	0.0603822	0.0123754	0.501149	0.968	0.5	1	57.2779	0.00461591	940.616	99
T	176	176	38.3322	104	72	0	1	1	0.0330172	2.4756e-05	0.5	1	0.5	1	246.298	0	1686.62	80
T	280	280	38.3569	123	157	0.00355859	1	1	0.00472364	8.48684e-06	0.5	1	0.5	1	248.926	0	2684.98	99
T	87	48	10.7766	15	33	0	1	1	0.0376012	-0.00342786	0.641195	0.005	0.5	1	82.7465	-0.256327	234.392	99
T	140	66	7.68311	33	33	0.0070917	1	1	0.0284001	0.00194361	0.521422	0.621	0.5	1	310.189	0.0386595	268.909	99
T	206	206	38.4012	106	100	0.00483068	1	1	0.0133325	5.40872e-06	0.5	1	0.5	1	196.72	0	1977.66	93
T	322	144	6.62763	80	64	0.00617265	1	4	0.0141885	0.0278435	0.502793	0.926	0.5	1	177.359	0.00563662	533.524	99
T	175	102	11.8003	60	42	0	1	2	0.167083	0.0553795	0.524138	0.478	0.5	1	46.3283	-0.074296	516.264	99
T	382	182	7.61929	94	88	0.0449989	1	1	0.0191986	0.0474603	0.521709	0.411	0.5	1	221.527	-0.0127435	727.643	99
T	210	210	38.5656	81	129	0	1	1	0.0808353	0.000354448	0.5	1	0.5	1	64.3822	0	2024.69	95
T	84	37	6.88972	21	16	0.0344788	1	1	0.0285262	0.0143758	0.528386	0.665	0.5	1	63.5054	-0.0549554	144.684	99
T	256	256	38.3237	95	161	0	1	1	0.0346354	3.59074e-06	0.5	1	0.5	1	206.479	5.67756e-08	2452.72	99
T	321	321	37.9701	161	160	0.00310549	1	1	0.0493931	5.03123e-05	0.5	1	0.5	1	174.742	-0.00297166	3047.1	99
T	132	64	8.08087	22	42	0.0149243	1	5	0.0311086	0.0109444	0.537898	0.438	0.5	1	229.898	-0.0800921	266.669	99
T	400	195	8.004	94	101	0	1	1	0.0506281	0.0279469	0.570177	0.008	0.5	1	63.2311	-0.136865	800.4	99
T	92	61	15.5664	45	16	0	1	1	0.0683294	0.0170662	0.56418	0.11	0.5	1	74.7222	0.118266	358.027	87
T	74	37	8.85949	19	18	0	1	1	0.0317217	0.0203843	0.513506	0.852	0.5	1	168.277	0.0242894	163.901	99
T	26	17	15.7207	13	4	0	1	2	0.0661342	0.0219101	0.669887	0.029	0.5	1	48.9014	0.302678	102.184	32
T	114	59	9.33035	44	15	0	1	1	0.0157309	-0.000179908	0.565114	0.207	0.5	1	164.613	0.117712	265.915	99
T	238	238	37.446	107	131	0.0205753	1	1	0.0307932	0.000175942	0.5	1	0.5	1	208.904	-3.384e-08	2228.04	99
T	67	67	38.0303	46	21	0.0147037	1	1	0.0922696	0.00104222	0.5	1	0.5	1	58.0855	0	637.007	30
T	110	110	38.6239	40	70	0	1	1	0.039636	5.46179e-05	0.5	1	0.5	1	190.865	3.74501e-08	1062.16	50
T	349	166	7.597	91	75	0	1	2	0.0356714	0.00815173	0.504865	0.856	0.5	1	208.561	-0.0141988	662.838	99
T	116	116	38.2357	52	64	0	1	2	0.114779	-0.000103447	0.5	1	0.5	1	150.451	-3.15413e-08	1108.84	52
T	335	335	38.2327	147	188	0.00593454	1	4	0.0389021	1.53997e-06	0.5	1	0.5	1	214.091	0.00253098	3201.99	99
T	400	194	7.92076	86	108	0	1	1	0.0060855	0.0117806	0.508422	0.718	0.5	1	300.908	0.0119928	792.076	99
T	183	183	37.2196	79	104	0.0161282	1	4	0.0113554	1.09053e-05	0.5	1	0.5	1	277.746	-0.00734329	1702.8	58
T	234	96	5.51808	57	39	0.00847422	1	1	0.0400317	0.0121754	0.543292	0.273	0.5	1	202.938	0.0738429	322.807	99
T	399	399	38.5368	181	218	0.00249994	1	1	0.0195184	-7.69522e-06	0.5	1	0.5	1	212.443	0	3844.04	99
T	70	38	10.6775	26	12	0	1	2	0.0686729	0.000495058	0.561428	0.301	0.5	1	228.924	0.110917	186.857	99
T	266	266	38.4344	107	159	0.00374518	1	1	0.0798663	0.000103405	0.5	1	0.5	1	136.347	0	2555.89	99
T	362	149	5.47918	75	74	0.00821895	1	1	0.0354344	0.040243	0.533724	0.26	0.5	1	60.7373	0.0667687	495.866	99
T	302	302	38.308	133	169	0	1	1	0.0909874	0.000116959	0.5	1	0.5	1	61.8603	0	2892.25	99
T	28	12	7.28259	5	7	0	1	2	0.149744	-0.0269017	0.512175	0.953	0.5	1	57.8704	-0.0484683	50.9781	50
T	25	13	10.3604	8	5	0	1	3	0.0434782	-0.0331239	0.633942	0.188	0.5	1	51.2116	0.234295	64.7524	55
T	97	52	10.1563	19	33	0.010203	1	1	0.0594095	0.0301265	0.506176	0.899	0.5	1	102.873	-0.0123883	246.29	99
T	284	284	37.5017	145	139	0.0173004	1	1	0.109772	0.00142195	0.5	1	0.5	1	72.4739	-4.64735e-08	2662.62	99
T	234	122	9.29685	60	62	0.00425514	1	1	0.0710482	0.0147859	0.503923	0.925	0.5	1	155.737	0.0927425	543.866	99
T	286	286	38.3517	177	109	0.0069442	1	1	0.0454457	-2.95853e-05	0.5	1	0.5	1	142.757	-4.45293e-08	2742.15	99
T	144	75	9.38606	35	40	0	1	3	0.0402884	0.0206367	0.567724	0.107	0.5	1	214.824	-0.123478	337.898	99
T	301	162	9.94568	113	49	0	1	1	0.0127109	0.00520023	0.620891	0	0.5	1	160.329	0.221198	748.413	99
T	63	57	29.5764	24	33	0	1	1	0.0456279	0.00730021	0.525034	0.252	0.5	1	192.765	0.0470884	465.829	3
T	321	321	38.2827	174	147	0.00310549	1	1	0.0602834	2.28209e-05	0.5	1	0.5	1	125.55	-3.32387e-08	3072.18	99
T	183	183	38.2117	103	80	0	1	1	0.0720822	3.18825e-05	0.5	1	0.5	1	267.278	5.13156e-08	1748.18	83
T	140	50	4.17094	25	25	0.0666622	1	2	0.0189779	0.00305498	0.52142	0.743	0.5	1	339.614	0.031935	145.983	99
T	174	171	36.3952	99	72	0	1	3	0.026036	0.000114783	0.501552	0.802	0.5	1	330.082	-0.00334911	1583.19	53
T	312	312	38.0944	138	174	0.00319479	1	1	0.035446	9.01317e-06	0.5	1	0.5	1	190.577	0	2971.36	99
T	399	227	11.1521	130	97	0.00249994	1	1	0.0942709	0.0177464	0.541735	0.052	0.5	1	198.853	0.0651858	1112.43	99
T	47	47	38.0688	26	21	0	1	3	0.0402529	-1.4978e-05	0.5	1	0.5	1	143.198	0	447.308	21
T	284	284	37.612	134	150	0.0138884	1	1	0.0169302	0.000141484	0.5	1	0.5	1	179.843	-0.000403492	2670.45	99
